-04 -05 -003.281888090427779
-04 -04 +002.400278356750734
-04 -03 -001.115367041842650
-04 -02 -003.521867888256491
-04 -01 -002.772365216260550
-04 +00 -000.179144374189192
-04 +01 +000.597640357784119
-04 +02 -002.819595721251576
-04 +03 -002.818969434764135
-04 +04 -001.459407421961445
-04 +05 -002.093500819109695
-03 -05 -002.762872434030936
-03 -04 +000.166789695714655
-03 -03 -001.135100665984002
-03 -02 +003.050339147741412
-03 -01 +004.857065735206022
-03 +00 -000.824039290190239
-03 +01 +002.589340048179388
-03 +02 +000.692361109154618
-03 +03 +000.222205364339958
-03 +04 -004.817605031489108
-03 +05 -002.808064603045924
-02 -05 +003.883444112445683
-02 -04 -003.225917206104117
-02 -03 -003.066190182333586
-02 -02 +002.715958521450906
-02 -01 -004.062573715776969
-02 +00 -003.383896146306447
-02 +01 +004.790632149830966
-02 +02 -000.651229829562651
-02 +03 -002.606348135673584
-02 +04 +000.947591549975912
-02 +05 -001.452776903047037
-01 -05 +000.303970426139654
-01 -04 +001.502478163499648
-01 -03 +000.680773234402459
-01 +00 +000.998450251188159
-01 +01 -003.506882253432238
-01 +02 -000.400664325526819
-01 +03 +001.794793383686153
-01 +04 +000.134422595557138
-01 +05 -003.967044717356808
+00 -05 +002.659237148966878
+00 -04 +000.581244841013894
+00 -03 +000.212122847655761
+00 -02 -000.286231422404272
+00 -01 +002.997072433396886
+00 +00 -001.245662079158196
+00 +01 +002.112432106171171
+00 +02 -003.296688534119037
+00 +03 -002.564416305785164
+00 +04 +000.971371096984728
+01 -05 +003.535641643774047
+01 -04 -004.775306951881093
+01 -02 -004.875543367592386
+01 -01 -004.903175278620077
+01 +00 -000.567044668025716
+01 +01 +004.916534349080823
+01 +02 +003.092242683919356
+01 +03 -000.514637681703186
+01 +05 +001.411878889849838
+02 -05 -002.404476069360102
+02 -04 -002.270937333986187
+02 -03 +004.942904835309534
+02 -02 +001.664060106784754
+02 -01 -000.446513737315077
+02 +00 -002.461030447588055
+02 +01 +002.787286673423388
+02 +02 +000.749091051858147
+02 +04 -003.921414408800163
+02 +05 -004.186341720298138
+03 -05 -001.964933761129500
+03 -04 +003.236751832661253
+03 -03 -004.946051196793732
+03 -02 +004.721954088983612
+03 -01 -002.519326985809447
+03 +00 +002.985036898103056
+03 +01 -002.771081686621518
+03 +02 -004.493417322021468
+03 +03 +004.342619838184591
+03 +04 -000.832522557874094
+03 +05 -002.326785076379313
+04 -05 +001.430539746999986
+04 -02 -003.496283039853314
+04 +00 +001.675858273861073
+04 +03 -002.000697832667910
+04 +04 +003.189921908380970
+04 +05 -004.994206383608035

-02 -01 +003.416871588400593
-02 +00 -002.078450756031390
-02 +01 -000.214651388820125
-01 -01 +002.753910394979175
-01 +00 +004.801788235642799
-01 +01 +004.832394395092564
+00 -01 -000.678953608627048
+00 +00 -002.953902819142360
+00 +01 -001.669819230025750
+01 -01 +000.954529965127715
+01 +00 -002.759351547323156
+01 +01 +003.083124350774340
+02 -01 -001.565981041750420
+02 +00 -001.197773526351022
+02 +01 -004.753154399528787

-02 -02 -000.416575207481049
-02 -01 -003.660708958410383
-02 +00 -000.570183136353337
-02 +01 +004.513922638643425
-02 +02 +001.224894726474375
-01 -02 +002.529749746528490
-01 -01 +001.587701902126656
-01 +00 -001.966357169441613
-01 +01 -004.680563301420420
-01 +02 -004.136440525091256
+00 -02 +002.737341867815023
+00 -01 -000.988643915255850
+00 +00 -003.827047015609913
+00 +01 -000.513760512622132
+00 +02 -003.034069231965356
+01 -01 +003.419232260705138
+01 +00 +004.064713561812203
+01 +01 -001.188398901824157
+01 +02 +002.308028705770283
+02 -02 -001.173612144882251
+02 -01 -000.803356657258153
+02 +00 +002.058079720325716
+02 +01 +000.303578270106050

-04 -05 +001.173308637994199
-04 -02 -000.889533671233637
-04 -01 -001.246729409650791
-04 +00 +004.219946964529024
-04 +01 -002.098401106687067
-04 +03 +000.961409393624052
-04 +04 -004.991601952997419
-04 +05 +001.149720733682836
-03 -05 -003.063709468648002
-03 -04 +004.945557430917795
-03 -03 -004.774201909895996
-03 -02 +000.982260788892171
-03 -01 +004.645391258835549
-03 +03 -001.874435781551645
-03 +04 +000.903017315361816
-02 -05 -003.243548632522581
-02 -04 +000.996738860783298
-02 -03 +003.824546634604352
-02 -01 -001.935215726556165
-02 +00 -002.306981325874520
-02 +01 +001.865002263387895
-02 +02 -001.011355794727579
-02 +03 +000.575835667934201
-02 +04 +002.117367482640191
-02 +05 -002.426002187785103
-01 -05 +000.098069772540037
-01 -04 +000.963646856354833
-01 -03 -002.758925309786644
-01 -02 +000.307409203987481
-01 -01 -003.672663474809199
-01 +00 -003.796305402354262
-01 +01 -000.328842271573719
-01 +02 -002.312364150915735
-01 +03 +004.211473875144442
-01 +04 -001.950295462521197
-01 +05 -002.458325866942217
+00 -05 -004.375547184915670
+00 -03 -000.938362717350426
+00 -02 +002.851046289458768
+00 -01 +002.410918340906317
+00 +00 -001.882869972197549
+00 +01 -003.227416439799393
+00 +02 -001.354424833015800
+00 +03 +000.428740193742059
+00 +04 +003.431543022528039
+00 +05 -002.534954749690258
+01 -05 +003.365707380740845
+01 -03 -000.046585431868129
+01 -02 -002.285181732455468
+01 -01 +003.967251829428785
+01 +00 +002.919801391703851
+01 +01 +001.674230516842021
+01 +02 -004.787833614816555
+01 +03 -000.746726956515616
+01 +04 -003.331266163757285
+01 +05 -001.039766032020530
+02 -05 -004.914558146259938
+02 -04 -000.180667142055518
+02 -03 +002.884288199009287
+02 -02 +002.531550567649154
+02 -01 -002.512131862514669
+02 +01 +004.716612445995625
+02 +02 +004.613156706969040
+02 +03 +000.874131666271831
+02 +04 -004.434399841592600
+03 -04 +000.294558869864842
+03 -03 +003.155541016438880
+03 -02 +000.155708949161661
+03 -01 -003.130592319635708
+03 +00 +001.151653105153908
+03 +01 +003.650348363142960
+03 +02 +003.991279284325269
+03 +03 +001.123762752400228
+03 +04 -000.749836905756453
+03 +05 -000.188202068458808
+04 -05 -004.085767163108579
+04 -04 -000.847202134686619
+04 -03 -003.015260460231604
+04 -01 -001.030077579856258
+04 +00 -004.895828317121810
+04 +01 +001.678836814319482
+04 +02 +000.992005545976812
+04 +04 +000.317317274074125
+04 +05 +002.946942596856904

-03 -05 +002.984269499214192
-03 -04 +002.620904142191133
-03 -01 -000.366133932772861
-03 +00 +001.646426131317640
-03 +01 -003.097327068997694
-03 +03 +003.819680199545203
-03 +04 +004.420064207621966
-02 -05 -000.093115913447502
-02 -04 +001.753255899192258
-02 -03 +000.390867831822411
-02 -02 -001.806914815773015
-02 -01 -003.782167699850723
-02 +01 +004.340784273673441
-02 +02 -003.968974961110300
-02 +04 -004.562078808296439
-02 +05 -000.436133344333515
-01 -05 -000.570110633053924
-01 -04 -001.982344243414645
-01 -03 -001.001710311845732
-01 -02 -004.061633230526339
-01 -01 -001.565770136267129
-01 +01 +000.355865333677233
-01 +02 +001.674241468262098
-01 +03 -000.582090986009038
-01 +04 +001.960693314062455
-01 +05 +000.826074744863223
+00 -05 -004.654838206462368
+00 -04 +002.606485644203340
+00 -03 +001.412307174891326
+00 -02 -002.482322615647890
+00 -01 +001.685274628567011
+00 +00 -002.478871225320318
+00 +01 +003.941349861950814
+00 +02 +000.961449470139304
+00 +03 -001.594147743727300
+00 +04 -000.783894862037033
+00 +05 -001.946130294724980
+01 -05 -002.830605526775420
+01 -04 +001.451351340328714
+01 -03 -004.378367257130768
+01 -02 -001.294317576803857
+01 -01 -000.473447031171709
+01 +01 -001.878259560402090
+01 +02 +002.877775923304349
+01 +03 -001.897259106028986
+01 +04 +003.948922150211247
+01 +05 +000.735549077137876
+02 -05 +002.241764285237873
+02 -04 -004.727416821841840
+02 -03 +004.954321891170055
+02 -02 +001.448494243151445
+02 -01 +003.371594656253238
+02 +00 -000.965096127012677
+02 +01 -003.447591572583435
+02 +02 +001.167043627722817
+02 +03 +000.384913664753184
+02 +04 +003.567722924650034
+03 -05 +000.294363717378546
+03 -04 +002.597158099886895
+03 -03 -003.893944095769900
+03 -02 -003.943503094157942
+03 -01 -004.018435780768761
+03 +00 +002.729881924105377
+03 +01 +000.086375327712928
+03 +02 -004.180214256583350
+03 +03 +002.928762016688150
+03 +04 -004.031072728148636
+03 +05 +000.865376614960456
