-03 -04 -002.586929778047259
-03 -03 -002.632271879354563
-03 -02 -007.999861814235307
-03 -01 -004.612893538995309
-03 +00 -002.399973834671928
-03 +01 +008.301911218696125
-03 +02 -008.491777074013230
-03 +03 +000.878237482851036
-03 +04 -003.836492338422199
-02 -04 +003.497245008403180
-02 -03 -004.848499600308243
-02 -02 +000.944921434204253
-02 -01 -007.117352592701447
-02 +00 -001.837178719850728
-02 +01 -002.256013559717779
-02 +02 +006.309534005419774
-02 +03 -004.142106486717571
-02 +04 -005.049830162947805
-01 -04 -006.484507960402935
-01 -03 -003.455024810950218
-01 -02 -002.398364444313431
-01 -01 +004.519073709447985
-01 +00 +001.607828730199630
-01 +01 +000.844651902590898
-01 +02 +000.555798421905280
-01 +03 +006.286696128251892
-01 +04 +006.479294250011540
+00 -04 -003.201833641078597
+00 -03 +006.519822617791688
+00 -02 +004.482540981175065
+00 -01 -001.662560793578777
+00 +00 -002.398871989258983
+00 +01 -001.387775308648753
+00 +02 -009.234810637988431
+00 +03 +007.962463155728408
+00 +04 +007.998823785806186
+01 -04 +003.276285719696408
+01 -03 -005.149283340469775
+01 -02 +002.693224517600157
+01 -01 -004.711431199243715
+01 +00 -009.292151704335250
+01 +01 +006.528940624766166
+01 +02 +003.801915374843274
+01 +03 +005.810797345696033
+01 +04 -007.829090668935441
+02 -04 +001.063780873170688
+02 -03 +003.394944448028039
+02 -02 +005.401189184769106
+02 -01 +000.886957197304328
+02 +00 +000.599251071549465
+02 +01 +000.275453312765883
+02 +02 +000.546206420053055
+02 +03 +004.659016468641061
+02 +04 -004.240623236132620
+03 -04 -002.503815028977186
+03 -03 +002.457775327382581
+03 -02 +004.876087197233079
+03 -01 -009.953755281423597
+03 +00 +004.983657215109083
+03 +01 +002.424949402477246
+03 +02 +001.594004743721893
+03 +03 -006.624777641610610
+03 +04 +003.830858888837247

-04 -03 +002.311919964984459
-04 -02 -006.054998593679365
-04 -01 +001.450037246838833
-04 +00 +008.484893009470602
-04 +01 -008.006577019101806
-04 +02 +005.059024623541395
-04 +03 -002.449237491649863
-03 -03 -000.410291427558686
-03 -02 -002.123593104019079
-03 -01 +007.982265579630504
-03 +00 +004.677527646338664
-03 +01 -006.468385668469639
-03 +02 +003.296265101313909
-03 +03 -005.942847907648656
-02 -03 +004.991084060200970
-02 -02 +008.710381680525341
-02 -01 -004.871380862274501
-02 +00 -008.719828464271904
-02 +01 +002.655894656409290
-02 +02 +001.837255912542710
-02 +03 -007.786003588387688
-01 -03 -002.329636831430801
-01 -02 +002.210137473094247
-01 -01 +007.845613282623303
-01 +00 +000.006609141740244
-01 +01 +005.493925174279362
-01 +02 -002.948981163547340
-01 +03 -000.001819324976237
+00 -03 +009.964611710400606
+00 -02 +006.742211250092753
+00 -01 +000.456889192290326
+00 +00 +003.578154154109499
+00 +01 +009.089751695587227
+00 +02 +006.837927808521975
+00 +03 +003.884043392566352
+01 -03 -004.008979381069402
+01 -02 +007.921413473133452
+01 -01 -006.436667953483733
+01 +00 -005.118887893524334
+01 +01 +004.903145003894398
+01 +02 +008.870298428134408
+01 +03 +007.330621170111044
+02 -03 -006.132848322395112
+02 -02 -004.136119171581826
+02 -01 +009.318591742963553
+02 +00 -003.625720880362271
+02 +01 +006.913111441352651
+02 +02 +006.662783138398812
+02 +03 -006.587171784688214
+03 -03 -009.265765087170339
+03 -02 +009.591127448021222
+03 -01 +004.777175356594350
+03 +00 -006.657855800667488
+03 +01 +005.206634009719937
+03 +02 +008.617950928085769
+03 +03 -004.100063561337047
+04 -03 -003.741230874485640
+04 -02 +005.328164769269894
+04 -01 +002.029748713525508
+04 +00 +004.460663705083401
+04 +01 -001.284590578728472
+04 +02 -005.380958194464707
+04 +03 -009.721683513630824
