-03 -04 +003.291201064369809
-03 -03 -001.245716256260396
-03 -02 -001.507250058574686
-03 -01 +003.736461457342188
-03 +00 -008.687259615650476
-03 +01 -006.869614905344175
-03 +02 -008.060609621710309
-03 +03 -003.981762788294259
-03 +04 +000.304252570041308
-02 -04 +006.272799219801937
-02 -03 -005.714722548352501
-02 -02 -002.386856214006280
-02 -01 -003.638836513393403
-02 +00 -000.622203101951536
-02 +01 -004.339316976391096
-02 +02 -004.137962853263685
-02 +03 +003.581693518404325
-02 +04 -005.628938948144715
-01 -04 -005.936262467053543
-01 -03 -002.782571662861880
-01 -02 +001.413465521420452
-01 -01 +007.249828748957727
-01 +00 -004.137715108922839
-01 +01 -004.058348728874170
-01 +02 +005.051460711032238
-01 +03 -005.868346761726028
-01 +04 +007.306700260031221
+00 -04 +003.934383314932695
+00 -03 +000.476406121000017
+00 -02 -009.433938333482200
+00 -01 -006.833434445097447
+00 +00 +002.145068790910307
+00 +01 +009.504832377211567
+00 +02 -008.410927532522560
+00 +03 +001.896171953661252
+00 +04 -008.817586973722495
+01 -04 +003.840491747062240
+01 -03 -003.969546379868800
+01 -02 -006.534675236345894
+01 -01 +000.821997100174705
+01 +00 +000.883111460017700
+01 +01 -004.429847563677823
+01 +02 -001.536955968563438
+01 +03 +000.611714307014104
+01 +04 -004.929189989698790
+02 -04 -004.358380100701506
+02 -03 +005.772098300386899
+02 -02 -002.763890390393662
+02 -01 +007.610862454832342
+02 +00 -004.057754787204583
+02 +01 +007.887234586609074
+02 +02 -008.050907632017669
+02 +03 +009.538337371725248
+02 +04 -008.514180021003140
+03 -04 -005.554211659864245
+03 -03 +003.621566247851418
+03 -02 -005.169698229056947
+03 -01 -003.769551113789503
+03 +00 +008.656928570368681
+03 +01 +004.836979199836460
+03 +02 +006.021100853053225
+03 +03 +004.604629545896167
+03 +04 -006.341501670921831

-02 -02 +003.653069760264875
-02 -01 +009.578587111533752
-02 +00 +008.444245178434537
-02 +01 -008.183254492922259
-02 +02 -000.137160045902393
-01 -02 +008.539736071488285
-01 -01 +009.098908808335635
-01 +00 -003.040920727435542
-01 +01 +003.816776630113579
-01 +02 +004.218143905999902
+00 -02 +001.275591916305288
+00 -01 +002.989789211858809
+00 +00 +001.035300980255498
+00 +01 +005.116470149831955
+00 +02 -001.923934284085993
+01 -02 -007.386977659420556
+01 -01 +009.719294586804935
+01 +00 +007.926834907924323
+01 +01 -003.558320589582365
+01 +02 +004.422955303853482
+02 -02 +002.890795650186588
+02 -01 -008.289589849161775
+02 +00 +003.391505953995491
+02 +01 +002.454566347274090
+02 +02 -002.606143127203562
