-01 -01 +003.223528731222414
-01 +00 +002.669218539603941
-01 +01 -009.639745839736038
+00 -01 +003.674105818195439
+00 +00 +007.603630211203818
+00 +01 +003.246184881944618
+01 -01 -007.009092755157855
+01 +00 +008.528328268731485
+01 +01 +004.437453736749899

-01 -03 +001.857350161238176
-01 -02 +003.325562251076355
-01 -01 +005.213703688839237
-01 +00 +009.933997930432572
-01 +01 +000.705191027988221
-01 +02 -003.157122750687451
-01 +03 -008.080040788270900
+00 -03 -000.001688562952249
+00 -02 +009.845539422682439
+00 -01 -009.996420096293052
+00 +00 -001.125300006669419
+00 +01 +008.734309383209300
+00 +02 +000.347648482882166
+00 +03 +003.249020812603620
+01 -03 +003.434411466452398
+01 -02 -001.839517651685317
+01 -01 -006.681026908610264
+01 +00 -005.271772158448609
+01 +01 -006.918153353471083
+01 +02 +008.278391911599567
+01 +03 +009.827089232435180
