-03 -04 -002.586929778047259
-03 -03 -002.632271879354563
-03 -02 -007.999861814235307
-03 -01 -004.612893538995309
-03 +00 -002.399973834671928
-03 +01 +008.301911218696125
-03 +02 -008.491777074013230
-03 +03 +000.878237482851036
-03 +04 -003.836492338422199
-02 -04 +003.497245008403180
-02 -03 -004.848499600308243
-02 -02 +000.944921434204253
-02 -01 -007.117352592701447
-02 +00 -001.837178719850728
-02 +01 -002.256013559717779
-02 +02 +006.309534005419774
-02 +03 -004.142106486717571
-02 +04 -005.049830162947805
-01 -04 -006.484507960402935
-01 -03 -003.455024810950218
-01 -02 -002.398364444313431
-01 -01 +004.519073709447985
-01 +00 +001.607828730199630
-01 +01 +000.844651902590898
-01 +02 +000.555798421905280
-01 +03 +006.286696128251892
-01 +04 +006.479294250011540
+00 -04 -003.201833641078597
+00 -03 +006.519822617791688
+00 -02 +004.482540981175065
+00 -01 -001.662560793578777
+00 +00 -002.398871989258983
+00 +01 -001.387775308648753
+00 +02 -009.234810637988431
+00 +03 +007.962463155728408
+00 +04 +007.998823785806186
+01 -04 +003.276285719696408
+01 -03 -005.149283340469775
+01 -02 +002.693224517600157
+01 -01 -004.711431199243715
+01 +00 -009.292151704335250
+01 +01 +006.528940624766166
+01 +02 +003.801915374843274
+01 +03 +005.810797345696033
+01 +04 -007.829090668935441
+02 -04 +001.063780873170688
+02 -03 +003.394944448028039
+02 -02 +005.401189184769106
+02 -01 +000.886957197304328
+02 +00 +000.599251071549465
+02 +01 +000.275453312765883
+02 +02 +000.546206420053055
+02 +03 +004.659016468641061
+02 +04 -004.240623236132620
+03 -04 -002.503815028977186
+03 -03 +002.457775327382581
+03 -02 +004.876087197233079
+03 -01 -009.953755281423597
+03 +00 +004.983657215109083
+03 +01 +002.424949402477246
+03 +02 +001.594004743721893
+03 +03 -006.624777641610610
+03 +04 +003.830858888837247

-02 -02 +000.044126240891853
-02 -01 -001.970971099073898
-02 +00 -002.760346509563714
-02 +01 +002.060260389542901
-02 +02 +008.713444130667691
-01 -02 +004.425364383853241
-01 -01 -000.239787631864992
-01 +00 +001.207203365252054
-01 +01 -000.036569734863513
-01 +02 -004.211109224832064
+00 -02 +006.422660202851816
+00 -01 -009.446531323822748
+00 +00 +004.378892017771672
+00 +01 -005.234067227625573
+00 +02 +003.379907501836945
+01 -02 -003.943460443722648
+01 -01 -008.575327152624769
+01 +00 +004.147006978512461
+01 +01 +002.369592962833100
+01 +02 -006.329868993509002
+02 -02 +005.112115531969266
+02 -01 +006.297496472811472
+02 +00 -007.779191032325512
+02 +01 -006.134647151861043
+02 +02 +003.260809286849926
