-02 -01 +000.219805916893674
-02 +00 +000.423591534966887
-02 +01 -000.031862938083523
-01 -01 +000.219902698332450
-01 +00 -000.067438688800006
-01 +01 +000.368402197055125
+00 -01 +000.279122833232182
+00 +00 -000.226005422173610
+00 +01 +000.017032612950127
+01 -01 -000.103800411800690
+01 +00 -000.359670273323958
+01 +01 -000.260480204840034
+02 -01 -000.162021923819230
+02 +00 +000.210595167903532
+02 +01 -000.394102794003152

-05 -04 +000.099480697638823
-05 -03 +000.312478053209004
-05 -02 +000.276927661237232
-05 -01 -000.232443719324210
-05 +00 -000.347558241877559
-05 +01 +000.257864795286669
-05 +02 +000.169111546168780
-05 +03 -000.247861448869835
-05 +04 -000.294853603963077
-04 -04 +000.146226155900535
-04 -03 -000.039969820077517
-04 -02 +000.354734689213373
-04 -01 -000.156747719243554
-04 +00 +000.476475139302331
-04 +01 +000.228513440255358
-04 +02 -000.129989512097250
-04 +03 -000.492856019684570
-04 +04 +000.290064227378812
-03 -04 -000.204089367037436
-03 -03 -000.111369973683015
-03 -02 +000.100308749192383
-03 -01 +000.038818864322010
-03 +00 +000.297188536658348
-03 +01 -000.451521676884815
-03 +02 -000.143417372934038
-03 +03 +000.083049762935729
-03 +04 -000.148606184817365
-02 -04 +000.471419136567354
-02 -03 -000.195442195950858
-02 -02 -000.393696973287165
-02 -01 +000.224337933100268
-02 +00 +000.356021400834690
-02 +01 -000.193400077150368
-02 +02 +000.251742262808696
-02 +03 +000.090050521195921
-02 +04 +000.480946314356846
-01 -04 -000.271707988402740
-01 -03 -000.230128021414807
-01 -02 -000.312225749853258
-01 -01 +000.411217135128835
-01 +00 -000.241109655834326
-01 +01 -000.398262791405549
-01 +02 +000.347828050658651
-01 +03 +000.206941818616239
-01 +04 -000.168407286612327
+00 -04 -000.171186327684447
+00 -03 -000.370101624447324
+00 -02 -000.474632010071987
+00 -01 -000.032602267517722
+00 +00 +000.263851230119021
+00 +01 -000.182773678312613
+00 +02 +000.332395693900043
+00 +03 -000.101077953239314
+00 +04 +000.169761370459797
+01 -04 +000.149205873856153
+01 -03 -000.374727661498421
+01 -02 -000.180632577753612
+01 -01 -000.179350449179731
+01 +00 -000.142257305371592
+01 +01 -000.181916133704469
+01 +02 +000.033746379122326
+01 +03 +000.023159495793507
+01 +04 +000.461974980454822
+02 -04 +000.113259888226839
+02 -03 -000.259494844083284
+02 -02 +000.028562873168075
+02 -01 +000.240307329223786
+02 +00 -000.017806044982885
+02 +01 +000.048667477670262
+02 +02 +000.004454733149110
+02 +03 +000.233041200088512
+02 +04 +000.016185259361128
+03 -04 -000.438282995907190
+03 -03 +000.315678739440443
+03 -02 -000.248643721300185
+03 -01 -000.275397517416598
+03 +00 -000.037324398464999
+03 +01 -000.442532343770324
+03 +02 +000.073154188034867
+03 +03 +000.405900919215311
+03 +04 -000.255428615313992
+04 -04 +000.095393591980048
+04 -03 +000.042280066303664
+04 -02 +000.053472355769486
+04 -01 -000.126837411910689
+04 +00 +000.281866398531873
+04 +01 +000.471174503145693
+04 +02 -000.290556274024920
+04 +03 -000.203503985057958
+04 +04 +000.220669150591666
+05 -04 -000.372877949620416
+05 -03 +000.476059505908575
+05 -02 -000.054437013396440
+05 -01 -000.369312845950803
+05 +00 +000.452094894880100
+05 +01 -000.247838959142935
+05 +02 +000.147798683123190
+05 +03 +000.170519701816941
+05 +04 -000.241959458139285

-03 -03 +000.219689997737785
-03 -02 +000.032476951068645
-03 -01 +000.117429936934397
-03 +00 +000.484529683073211
-03 +01 -000.277593618722729
-03 +02 -000.443848184211269
-03 +03 -000.320937249747661
-02 -03 -000.365316859045727
-02 -02 -000.346103485190705
-02 -01 +000.361616058170747
-02 +00 +000.241334060124326
-02 +01 -000.129840570843355
-02 +02 -000.281432175534375
-02 +03 -000.219511219957374
-01 -03 +000.427793333486892
-01 -02 -000.201749832747113
-01 -01 +000.006165458019024
-01 +00 +000.111287012472725
-01 +01 +000.393337318337458
-01 +02 -000.439517175996992
-01 +03 +000.364988358930743
+00 -03 +000.362249519093894
+00 -02 +000.176402741546986
+00 -01 +000.189949449062065
+00 +00 -000.298555003218208
+00 +01 +000.010034824670116
+00 +02 +000.116183498051057
+00 +03 +000.107904597893111
+01 -03 +000.335590251198411
+01 -02 +000.112883798421425
+01 -01 +000.301727143276457
+01 +00 +000.246212176541595
+01 +01 -000.481987046072683
+01 +02 -000.472315475225014
+01 +03 -000.412096604017357
+02 -03 -000.266224121459181
+02 -02 -000.458707093716759
+02 -01 -000.098529859817816
+02 +00 +000.143936166523534
+02 +01 +000.113222378235951
+02 +02 +000.395611300279777
+02 +03 -000.353931807067376
+03 -03 +000.207151895478907
+03 -02 -000.412385589374634
+03 -01 +000.304836398269529
+03 +00 +000.106124179936951
+03 +01 -000.007165345395760
+03 +02 +000.097201147297950
+03 +03 -000.321337361451073

-03 -01 -000.201513685880923
-03 +00 +000.233378347839029
-03 +01 -000.125608985065788
-02 -01 +000.423097258471314
-02 +00 +000.174523974315610
-02 +01 +000.364603467284660
-01 -01 +000.321150848559700
-01 +00 +000.213677352626025
-01 +01 +000.368117771644192
+00 -01 -000.441416119888395
+00 +00 -000.246082298874315
+00 +01 -000.172427564812859
+01 -01 +000.061987937177218
+01 +00 +000.182579641477682
+01 +01 -000.195626875574766
+02 -01 +000.321349498048487
+02 +00 +000.371369741873293
+02 +01 +000.030359219173235
+03 -01 -000.335691584052845
+03 +00 +000.451817630186588
+03 +01 -000.097256707035862

-03 -05 +000.492447682517838
-03 -04 -000.206880362473160
-03 -03 -000.474379712365347
-03 -02 -000.426556516390969
-03 -01 +000.000335698711892
-03 +00 -000.191342837965449
-03 +01 -000.418031195013614
-03 +02 -000.300139134687181
-03 +03 -000.355955883780475
-03 +04 -000.156941652552018
-03 +05 -000.332999183863948
-02 -05 +000.007113773871000
-02 -04 +000.248135463468618
-02 -03 -000.078589288069103
-02 -02 +000.080882242399967
-02 -01 -000.018828391071140
-02 +00 +000.339271196733910
-02 +01 -000.476307038981375
-02 +02 +000.351324874701398
-02 +03 -000.420095101023021
-02 +04 -000.257151483798928
-02 +05 -000.176521150989625
-01 -05 +000.410930892563432
-01 -04 -000.031077896170692
-01 -03 +000.160851811526380
-01 -02 -000.023199564239928
-01 -01 +000.093266375964019
-01 +00 +000.205113991853891
-01 +01 +000.160327987677449
-01 +02 -000.262146461429287
-01 +03 +000.470826776515635
-01 +04 +000.151772075798019
-01 +05 +000.075391192168995
+00 -05 -000.326937964548126
+00 -04 -000.425865833653359
+00 -03 -000.229852178115641
+00 -02 -000.275565541932704
+00 -01 -000.054945999446733
+00 +00 +000.475576659579505
+00 +01 +000.019873555265076
+00 +02 -000.399280395822174
+00 +03 -000.252432274775235
+00 +04 +000.007047476077990
+00 +05 +000.460548015028883
+01 -05 +000.412716115428040
+01 -04 +000.302273401560943
+01 -03 +000.094190350060397
+01 -02 +000.301870020126740
+01 -01 +000.096856966894699
+01 +00 +000.084584904002283
+01 +01 +000.282885997158099
+01 +02 +000.079570272821553
+01 +03 +000.175255107079302
+01 +04 -000.267923342499300
+01 +05 +000.027872365283140
+02 -05 -000.117687229092833
+02 -04 -000.161549630768901
+02 -03 +000.160819870414898
+02 -02 +000.188434084332975
+02 -01 +000.138427431718783
+02 +00 +000.157524489890876
+02 +01 +000.441906497604755
+02 +02 +000.320240911400289
+02 +03 -000.177960214180969
+02 +04 +000.303434160482946
+02 +05 -000.310272027859420
+03 -05 +000.339138056087147
+03 -04 +000.141593239695685
+03 -03 +000.365508210547999
+03 -02 -000.292024174512526
+03 -01 +000.103197194303493
+03 +00 +000.239503341146688
+03 +01 +000.498510137999041
+03 +02 +000.055726204487837
+03 +03 +000.485331235665326
+03 +04 -000.137819074254418
+03 +05 -000.026608989257097

-02 -03 +000.318223776618126
-02 -02 +000.341250738648292
-02 -01 +000.081645714173136
-02 +00 -000.032699085315045
-02 +01 +000.427424508582102
-02 +02 -000.229937648539912
-02 +03 -000.323867824831219
-01 -03 -000.226188810734655
-01 -02 -000.302512241067869
-01 -01 +000.074505467419749
-01 +00 -000.092285113647256
-01 +01 +000.476896819652293
-01 +02 +000.412451223429293
-01 +03 +000.384308538489261
+00 -03 +000.439981179656452
+00 -02 -000.072356481026078
+00 -01 -000.360963500043646
+00 +00 +000.017311262849320
+00 +01 +000.164836114812150
+00 +02 +000.317686795607038
+00 +03 -000.178954212519560
+01 -03 +000.020202773480341
+01 -02 +000.173799039309095
+01 -01 +000.462527188319816
+01 +00 +000.192147442545770
+01 +01 +000.240379854661615
+01 +02 -000.344860075089217
+01 +03 +000.134567870813510
+02 -03 -000.327695220654467
+02 -02 -000.311909371742468
+02 -01 +000.113435797534007
+02 +00 -000.148473899418215
+02 +01 -000.470687876532994
+02 +02 -000.157008549393062
+02 +03 -000.258685685230136

-02 -03 +000.317085134346568
-02 -02 -000.156264027285733
-02 -01 -000.267078189498320
-02 +00 +000.402059420300919
-02 +01 +000.214785235535120
-02 +02 +000.358087093454994
-02 +03 -000.425769247002973
-01 -03 -000.370316803344357
-01 -02 +000.312981483861340
-01 -01 +000.119117323731305
-01 +00 -000.041578430211211
-01 +01 -000.280944767925088
-01 +02 +000.417035097051661
-01 +03 -000.161133998720454
+00 -03 +000.467922062518557
+00 -02 -000.137190872989946
+00 -01 -000.467058464767596
+00 +00 -000.252007280338428
+00 +01 +000.371462797611656
+00 +02 -000.385366731318853
+00 +03 -000.245037848967356
+01 -03 -000.374206586761281
+01 -02 +000.231561600620527
+01 -01 +000.245369498229245
+01 +00 -000.357592866297273
+01 +01 +000.315856674379770
+01 +02 -000.057460416977601
+01 +03 +000.423782789157740
+02 -03 -000.107187209556073
+02 -02 -000.212070987503244
+02 -01 -000.021683197558562
+02 +00 -000.127254888143441
+02 +01 -000.450262345942484
+02 +02 -000.095936250905687
+02 +03 -000.160625621672073

-05 -01 -000.360584627254314
-05 +00 -000.031104080879391
-05 +01 +000.206104076033736
-04 -01 -000.254435304157718
-04 +00 -000.390357332112038
-04 +01 -000.151047006898737
-03 -01 -000.208754353647180
-03 +00 -000.293345700623196
-03 +01 -000.345356113313322
-02 -01 -000.289305972981872
-02 +00 -000.369254407036703
-02 +01 +000.136032878945977
-01 -01 -000.231590742140166
-01 +00 -000.351246084037664
-01 +01 -000.162376030763850
+00 -01 -000.030972698381398
+00 +00 +000.043475898530203
+00 +01 -000.195200276949637
+01 -01 +000.273078463580155
+01 +00 +000.452533298294916
+01 +01 -000.398357759618999
+02 -01 +000.399673961145881
+02 +00 -000.156313155029126
+02 +01 -000.085135030798854
+03 -01 +000.463407430279907
+03 +00 -000.445950331863964
+03 +01 +000.197900196794472
+04 -01 -000.195795540474829
+04 +00 +000.290964013461646
+04 +01 -000.051377938481333
+05 -01 -000.127061144036222
+05 +00 -000.466206953881901
+05 +01 +000.251838600022131

-05 -03 +000.261743586600253
-05 -02 +000.405322902643013
-05 -01 -000.439192883208839
-05 +00 -000.084804148740884
-05 +01 +000.236655597208367
-05 +02 +000.367253315517694
-05 +03 -000.171480419154981
-04 -03 -000.333580190970162
-04 -02 -000.259848659006508
-04 -01 -000.354841188153348
-04 +00 -000.221654608382544
-04 +01 -000.393535967844505
-04 +02 +000.009943805722732
-04 +03 -000.491978646679875
-03 -03 -000.341797457723331
-03 -02 +000.410410000275772
-03 -01 -000.436578440439877
-03 +00 -000.283582511764746
-03 +01 -000.410491537919264
-03 +02 -000.018271230475798
-03 +03 -000.454027576472543
-02 -03 +000.331656650031200
-02 -02 -000.273861184434347
-02 -01 -000.350150839929817
-02 +00 -000.089461458081474
-02 +01 -000.394402055969411
-02 +02 +000.137592364944041
-02 +03 +000.014103140876840
-01 -03 -000.019190621319109
-01 -02 -000.130633882612315
-01 -01 -000.404292391742442
-01 +00 -000.271664481409103
-01 +01 -000.182246002678532
-01 +02 -000.396550331081608
-01 +03 -000.136237489001895
+00 -03 -000.100994338856868
+00 -02 +000.074722710511047
+00 -01 -000.392209068713570
+00 +00 -000.492232854676431
+00 +01 -000.078225684209271
+00 +02 +000.031835581510556
+00 +03 -000.035589189885442
+01 -03 +000.141555498866464
+01 -02 -000.268579476074283
+01 -01 -000.148340670035290
+01 +00 -000.073208763148597
+01 +01 +000.439607386057973
+01 +02 -000.343375110584124
+01 +03 -000.018429673563318
+02 -03 -000.004444635985843
+02 -02 -000.099321385121865
+02 -01 +000.083962382961574
+02 +00 +000.319155238033092
+02 +01 +000.246749697858066
+02 +02 +000.055788697335940
+02 +03 +000.339912853985699
+03 -03 -000.099258902094527
+03 -02 -000.440517279179375
+03 -01 -000.071906765772580
+03 +00 +000.155677082836431
+03 +01 +000.417464446527619
+03 +02 +000.439540957733424
+03 +03 -000.343922248300847
+04 -03 +000.465795606585021
+04 -02 -000.497682078812491
+04 -01 -000.389225835350760
+04 +00 +000.369541263210147
+04 +01 +000.221576549353703
+04 +02 +000.248244483054605
+04 +03 -000.006557420492796
+05 -03 +000.352175430995071
+05 -02 -000.447844861797291
+05 -01 -000.106009192956836
+05 +00 -000.101112764028841
+05 +01 +000.161732542528084
+05 +02 -000.186055922196806
+05 +03 +000.074098425854181

-01 -05 +000.094821283182097
-01 -04 +000.280067394469659
-01 -03 -000.030991676090516
-01 -02 -000.223380024968487
-01 -01 -000.209565992682237
-01 +00 +000.007880990261094
-01 +01 -000.040253590909042
-01 +02 +000.332881761809619
-01 +03 -000.198802610628093
-01 +04 -000.436914385372944
-01 +05 +000.163204431285637
+00 -05 +000.413554625825441
+00 -04 +000.486840147855409
+00 -03 +000.047828694590250
+00 -02 -000.040294985515996
+00 -01 -000.310628978370173
+00 +00 +000.290861073566800
+00 +01 -000.419387767117188
+00 +02 +000.037757709285975
+00 +03 -000.328165428327513
+00 +04 -000.484884624598558
+00 +05 +000.437174976408264
+01 -05 +000.303601343345129
+01 -04 +000.462857149808544
+01 -03 -000.398322231440075
+01 -02 +000.284155780239601
+01 -01 -000.300968388033497
+01 +00 +000.316871520496367
+01 +01 +000.151353540889044
+01 +02 -000.205443034742177
+01 +03 +000.205390513619995
+01 +04 -000.450325351649324
+01 +05 -000.323096802812904
