-02 -01 -000.264610082928741
-02 +00 -000.378466184187244
-02 +01 -000.566632241770124
-01 -01 -000.936246386319130
-01 +00 -000.333345672795390
-01 +01 +000.033774201642003
+00 -01 +000.353695184937903
+00 +00 -000.229606315763235
+00 +01 +000.702139330812322
+01 -01 -000.720808149417380
+01 +00 -000.153797493865378
+01 +01 +000.112891658154462
+02 -01 +000.182421589352028
+02 +00 -000.993506626403051
+02 +01 +000.808023089035687

-04 -01 -000.422405697270998
-04 +00 +000.413874623039452
-04 +01 -000.063368518386339
-03 -01 -000.111039556017518
-03 +00 +000.151302977419080
-03 +01 +000.412693354021894
-02 -01 -000.662721341523405
-02 +00 -000.152879063375680
-02 +01 -000.172481465375359
-01 -01 +000.298243997627470
-01 +00 -000.701329314140195
-01 +01 +000.822532229594146
+00 -01 +000.270453966679764
+00 +00 -000.257939769863056
+00 +01 -000.074538716559570
+01 -01 -000.474341243279368
+01 +00 -000.100057002309704
+01 +01 +000.314154860070129
+02 -01 -000.336056552377098
+02 +00 +000.046557300844287
+02 +01 -000.293183858763919
+03 -01 +000.167814805165602
+03 +00 -000.619600959055357
+03 +01 -000.833438380717946
+04 -01 +000.875903443823093
+04 +00 +000.789834130984590
+04 +01 -000.627752826236294

-03 -02 -000.995713504282085
-03 -01 -000.714646468315001
-03 +00 +000.359965058298684
-03 +01 +000.949220133105150
-03 +02 +000.943871858970704
-02 -02 -000.731158110764524
-02 -01 -000.531369291125839
-02 +00 +000.792118438041000
-02 +01 +000.345681438177317
-02 +02 -000.535054608934464
-01 -02 +000.083145772461738
-01 -01 -000.019202890149430
-01 +00 +000.649509280663541
-01 +01 +000.043420089681431
-01 +02 +000.811508970671343
+00 -02 +000.661782827377213
+00 -01 +000.460995013302297
+00 +00 +000.882011190058441
+00 +01 +000.024784210865685
+00 +02 +000.612068455900553
+01 -02 -000.887790735379842
+01 -01 -000.515777345929089
+01 +00 +000.712056812925186
+01 +01 +000.710280639213793
+01 +02 +000.350821052512719
+02 -02 +000.284703959973682
+02 -01 -000.414710633454683
+02 +00 +000.882155029999138
+02 +01 -000.548495074517231
+02 +02 +000.503345657023859
+03 -02 -000.991810455670516
+03 -01 -000.086767583644336
+03 +00 -000.172391577228993
+03 +01 -000.355675131389504
+03 +02 +000.197289201263583

-02 -01 +000.726314714694600
-02 +00 +000.429866225061603
-02 +01 -000.927113983397688
-01 -01 +000.438385394434031
-01 +00 +000.684158118865195
-01 +01 -000.582653356642079
+00 -01 -000.950566319967099
+00 +00 -000.723445720195002
+00 +01 +000.727135930701865
+01 -01 -000.929880146627866
+01 +00 -000.873219127287246
+01 +01 +000.532190528522062
+02 -01 -000.089430544997522
+02 +00 +000.814272381141196
+02 +01 -000.478855664237485

-01 -01 +000.642839261262877
-01 +00 -000.204057375527000
-01 +01 +000.880947117441480
+00 -01 +000.976554310593157
+00 +00 -000.777530172488200
+00 +01 -000.208389218333525
+01 -01 -000.986172845741175
+01 +00 +000.091606861689102
+01 +01 -000.967980529980630

-02 -04 +000.697739574488116
-02 -03 +000.521278852952884
-02 -02 +000.553968950544961
-02 -01 +000.968893089306498
-02 +00 -000.117626878209631
-02 +01 -000.022226809691318
-02 +02 -000.470047402133788
-02 +03 +000.105885871188732
-02 +04 +000.161771212891051
-01 -04 -000.457134624056097
-01 -03 -000.023021677616863
-01 -02 -000.743981191641130
-01 -01 -000.715390247315011
-01 +00 +000.761624353328170
-01 +01 -000.511042728306647
-01 +02 +000.854205872584565
-01 +03 -000.782793309961575
-01 +04 -000.171303826977914
+00 -04 +000.800290521931110
+00 -03 +000.145680365028626
+00 -02 -000.707534557658914
+00 -01 +000.732868793707657
+00 +00 +000.370117998787312
+00 +01 +000.512850182409565
+00 +02 +000.413992784398603
+00 +03 +000.890394805849069
+00 +04 -000.230859861101815
+01 -04 +000.076423395615789
+01 -03 -000.312735589410546
+01 -02 -000.142784622123226
+01 -01 -000.484187937185534
+01 +00 -000.490070867259330
+01 +01 -000.555644038182148
+01 +02 +000.023829471314283
+01 +03 -000.885503336031193
+01 +04 +000.454846897757708
+02 -04 +000.523166530921175
+02 -03 -000.787890398891594
+02 -02 -000.587856427716155
+02 -01 -000.758999889544269
+02 +00 -000.043482839841702
+02 +01 +000.296589821574977
+02 +02 +000.612593523282264
+02 +03 +000.566096283344401
+02 +04 -000.451174426969174

-03 -04 -000.982673891252161
-03 -03 -000.526658833050132
-03 -02 +000.992164250984556
-03 -01 -000.624210566479283
-03 +00 +000.092164563319674
-03 +01 +000.971421421266683
-03 +02 -000.171229474381924
-03 +03 +000.268563673660716
-03 +04 -000.989236560001935
-02 -04 -000.470520919592254
-02 -03 +000.529374802364820
-02 -02 +000.891435321011956
-02 -01 -000.972021875433329
-02 +00 +000.361105240237457
-02 +01 -000.807174325199873
-02 +02 +000.141797872662417
-02 +03 -000.036808532447946
-02 +04 +000.798422829814732
-01 -04 +000.261820735373368
-01 -03 +000.907073343822703
-01 -02 -000.495551754867326
-01 -01 -000.499596502608668
-01 +00 +000.539501421805934
-01 +01 -000.796996855386604
-01 +02 +000.520674747671125
-01 +03 -000.404705643469053
-01 +04 -000.441343007209665
+00 -04 +000.076861894032017
+00 -03 -000.254987442325513
+00 -02 +000.599961934154269
+00 -01 -000.748825843707754
+00 +00 -000.582868102649268
+00 +01 +000.078962158959061
+00 +02 +000.768228586198958
+00 +03 +000.227935786221918
+00 +04 +000.610724684603286
+01 -04 +000.240226228318946
+01 -03 +000.998074994990017
+01 -02 -000.386331853761721
+01 -01 -000.607863887524946
+01 +00 +000.398532191028226
+01 +01 +000.569854292670415
+01 +02 -000.237491550822261
+01 +03 +000.683977823716945
+01 +04 -000.988928036199796
+02 -04 -000.823047155209943
+02 -03 -000.354025304066330
+02 -02 +000.946498492642971
+02 -01 -000.678936455685935
+02 +00 -000.376066503448135
+02 +01 -000.118182996768522
+02 +02 -000.016007567335914
+02 +03 +000.239487080492797
+02 +04 -000.662039455538169
+03 -04 +000.875577289242353
+03 -03 +000.652895291404611
+03 -02 +000.481047116803677
+03 -01 -000.297755984808819
+03 +00 -000.889641169462876
+03 +01 +000.433151802724337
+03 +02 +000.977682032477931
+03 +03 +000.129597142742318
+03 +04 -000.463930269989143

-01 -01 +000.942117171237123
-01 +00 -000.116884422681337
-01 +01 +000.676413372939900
+00 -01 +000.222985549514288
+00 +00 +000.864788585650665
+00 +01 +000.599328575066442
+01 -01 -000.683268261138647
+01 +00 -000.828838217376999
+01 +01 +000.756018272127902

-03 -04 -000.309270450068796
-03 -03 -000.472155781067312
-03 -02 +000.921211565677727
-03 -01 -000.528769058958402
-03 +00 +000.082925791785231
-03 +01 -000.824038968578607
-03 +02 -000.987329963260466
-03 +03 -000.195157420506828
-03 +04 -000.839856565850359
-02 -04 +000.321191862375238
-02 -03 +000.923600464140439
-02 -02 +000.831686760349788
-02 -01 +000.281175326956348
-02 +00 +000.710507333347481
-02 +01 +000.562833804231982
-02 +02 +000.879433391704912
-02 +03 +000.935943399943320
-02 +04 -000.997696627452913
-01 -04 -000.439612229684820
-01 -03 +000.226334698452491
-01 -02 +000.256608217370433
-01 -01 +000.370601991326139
-01 +00 +000.761770013091769
-01 +01 +000.627792125143372
-01 +02 -000.950823079774456
-01 +03 -000.295324955689228
-01 +04 -000.436498695035149
+00 -04 -000.620923436410214
+00 -03 -000.284849129213530
+00 -02 +000.061809468859293
+00 -01 -000.438636041259878
+00 +00 +000.700273509758605
+00 +01 +000.528702525408124
+00 +02 +000.490687435295270
+00 +03 -000.218696438364310
+00 +04 -000.878957623667876
+01 -04 +000.602787019947684
+01 -03 +000.235759530487901
+01 -02 +000.190789149851869
+01 -01 -000.557084733700903
+01 +00 +000.519511886157627
+01 +01 -000.387386001355021
+01 +02 -000.480493090912651
+01 +03 +000.188321177153211
+01 +04 -000.449253827738675
+02 -04 -000.349324382464770
+02 -03 +000.554414811080953
+02 -02 -000.235464067699672
+02 -01 -000.928073282050177
+02 +00 +000.630968951545017
+02 +01 -000.952757383179884
+02 +02 -000.297148256607647
+02 +03 +000.593328701359377
+02 +04 -000.899164069584087
+03 -04 -000.303463995946775
+03 -03 -000.279262856932394
+03 -02 +000.840569492656167
+03 -01 -000.990863303291530
+03 +00 +000.672927568071139
+03 +01 -000.533678076039686
+03 +02 +000.241758195065182
+03 +03 -000.328367952525545
+03 +04 -000.902079057816040

-03 -03 +000.715143133738243
-03 -02 +000.975492150196571
-03 -01 -000.731593183036808
-03 +00 +000.582958688829534
-03 +01 +000.459325076093360
-03 +02 -000.986198352592121
-03 +03 +000.672867445507825
-02 -03 +000.284766491299782
-02 -02 +000.606364597283428
-02 -01 -000.150740906592150
-02 +00 -000.485257735840391
-02 +01 -000.972860532913770
-02 +02 +000.624964083847132
-02 +03 -000.926843014362312
-01 -03 -000.448862172736249
-01 -02 -000.965489742207080
-01 -01 -000.198482485117882
-01 +00 +000.272325551828321
-01 +01 -000.470817902406851
-01 +02 +000.858759722688354
-01 +03 -000.405850444369345
+00 -03 -000.203383272549918
+00 -02 +000.635712499313159
+00 -01 -000.437668952064378
+00 +00 +000.682974574843339
+00 +01 -000.333430029228968
+00 +02 +000.780591670450392
+00 +03 +000.868344326816427
+01 -03 +000.140382945991883
+01 -02 +000.331023307950586
+01 -01 +000.597250872711468
+01 +00 +000.469812436877936
+01 +01 -000.077923116058973
+01 +02 +000.688030854741788
+01 +03 -000.495020617624963
+02 -03 +000.969411735638777
+02 -02 +000.648401289136419
+02 -01 -000.752189906496554
+02 +00 -000.583405328614191
+02 +01 +000.299842032491299
+02 +02 -000.041839049393369
+02 +03 -000.392915977236008
+03 -03 +000.936956993887610
+03 -02 +000.541555648693776
+03 -01 +000.339341585543943
+03 +00 +000.406963915448668
+03 +01 +000.297373097491403
+03 +02 +000.513657810506877
+03 +03 +000.085657506100721
