-05 -02 +000.337500143963724
-05 -01 -000.350553315803947
-05 +00 +000.340874764209754
-05 +01 -000.278082305459304
-05 +02 +000.120188052891764
-04 -02 +000.186737655317134
-04 -01 +000.351138847184778
-04 +00 +000.025662176972998
-04 +01 +000.358771466633634
-04 +02 -000.186667288215821
-03 -02 -000.186568380303606
-03 -01 +000.095749028933862
-03 +00 +000.361667362977023
-03 +01 -000.187745300437906
-03 +02 -000.392941867761351
-02 -02 -000.477268935323211
-02 -01 +000.350035640776527
-02 +00 +000.289592528695412
-02 +01 -000.423015386430864
-02 +02 +000.165463922078580
-01 -02 +000.061881484313459
-01 -01 -000.421781583406257
-01 +00 -000.251237034723254
-01 +01 +000.379927795459235
-01 +02 +000.202491602306759
+00 -02 -000.267415458211580
+00 -01 +000.198961407832258
+00 +00 +000.113029918199528
+00 +01 -000.298515252394337
+00 +02 +000.035237980808200
+01 -02 -000.269684370634668
+01 -01 -000.194134315981545
+01 +00 -000.120888362730984
+01 +01 +000.206653568136744
+01 +02 -000.336944977184062
+02 -02 -000.453930195331461
+02 -01 -000.497801763710933
+02 +00 +000.116500539904537
+02 +01 -000.260374657308374
+02 +02 +000.039754667032340
+03 -02 +000.074676012260668
+03 -01 -000.201478326432561
+03 +00 +000.220697288488231
+03 +01 +000.283675308591541
+03 +02 +000.108752818997499
+04 -02 -000.132000654290264
+04 -01 +000.460689466773703
+04 +00 -000.374861116876248
+04 +01 +000.242070060211485
+04 +02 +000.422537260946602
+05 -02 -000.493222595912569
+05 -01 -000.042710085122780
+05 +00 +000.216404456018634
+05 +01 -000.250910879137928
+05 +02 -000.078330087911650

-02 -05 +000.286242971371383
-02 -04 -000.275609892748328
-02 -03 +000.269661225048993
-02 -02 +000.491630363811696
-02 -01 +000.254917390199950
-02 +00 +000.363237891860651
-02 +01 -000.183983280448522
-02 +02 -000.017096071832003
-02 +03 +000.412791257009198
-02 +04 -000.222905795594134
-02 +05 -000.464275044630056
-01 -05 +000.245454853563977
-01 -04 +000.140727192200331
-01 -03 -000.470653573688039
-01 -02 -000.055117213742229
-01 -01 -000.399412970733138
-01 +00 +000.455508988818164
-01 +01 -000.308928537797091
-01 +02 -000.410685201471404
-01 +03 +000.413335756883809
-01 +04 +000.466987141450414
-01 +05 -000.226545351539473
+00 -05 -000.411619853505488
+00 -04 -000.232613977221374
+00 -03 -000.233084551984774
+00 -02 -000.458350790814864
+00 -01 +000.480010049346890
+00 +00 +000.026786393620302
+00 +01 -000.258038591750949
+00 +02 -000.484934647342672
+00 +03 -000.494519956309859
+00 +04 +000.193942962062384
+00 +05 +000.480754220087799
+01 -05 -000.163692777517550
+01 -04 +000.389348250700347
+01 -03 +000.016562987110537
+01 -02 +000.445729041410118
+01 -01 +000.102728185111232
+01 +00 +000.333034558649330
+01 +01 -000.028282717031124
+01 +02 +000.467129701058928
+01 +03 -000.088557890030863
+01 +04 -000.169727322408934
+01 +05 -000.316456579645635
+02 -05 -000.438791379347933
+02 -04 +000.387416168183548
+02 -03 -000.020713475537662
+02 -02 -000.006529031893820
+02 -01 +000.133275762377926
+02 +00 +000.345972472702220
+02 +01 -000.332317654627190
+02 +02 +000.019962672377660
+02 +03 +000.306579277465796
+02 +04 +000.069212584345836
+02 +05 +000.436684592046816

-04 -03 -000.112105644815070
-04 -02 +000.284156260578877
-04 -01 -000.460741421568985
-04 +00 +000.281034031322954
-04 +01 +000.311804865964417
-04 +02 -000.328484393753560
-04 +03 +000.399833193097820
-03 -03 +000.408905289990583
-03 -02 -000.031530437266838
-03 -01 +000.018376206270129
-03 +00 -000.254622608603143
-03 +01 -000.372721576183039
-03 +02 -000.138341747669710
-03 +03 -000.352556172861814
-02 -03 +000.165236804375678
-02 -02 -000.088558705016924
-02 -01 -000.219481801408889
-02 +00 -000.330817364360628
-02 +01 -000.286772213341612
-02 +02 +000.029813844890613
-02 +03 +000.444613355086194
-01 -03 -000.187928741888889
-01 -02 +000.241152524586290
-01 -01 -000.432420127317008
-01 +00 +000.350897158535896
-01 +01 +000.120504246582475
-01 +02 -000.283586508801889
-01 +03 +000.236041257896633
+00 -03 -000.183004038811267
+00 -02 +000.133773216321633
+00 -01 +000.232622092542195
+00 +00 -000.341769658787001
+00 +01 -000.191930906142400
+00 +02 +000.159258949197774
+00 +03 +000.286732952487586
+01 -03 +000.167680892469928
+01 -02 -000.438603585366084
+01 -01 -000.005870230721748
+01 +00 -000.081218008961273
+01 +01 -000.186603741710448
+01 +02 +000.337226809036762
+01 +03 +000.390938815809442
+02 -03 +000.111064301640918
+02 -02 -000.106793023889841
+02 -01 -000.349333175951947
+02 +00 -000.172015295434572
+02 +01 +000.249439144910048
+02 +02 +000.231561688211245
+02 +03 -000.460893600718133
+03 -03 +000.051476873147348
+03 -02 +000.209730812111940
+03 -01 -000.006596730051792
+03 +00 -000.143416572309730
+03 +01 +000.018534436704315
+03 +02 -000.214428967737988
+03 +03 -000.303912260983893
+04 -03 -000.136646365666036
+04 -02 +000.388317339755920
+04 -01 +000.497414777342755
+04 +00 -000.430297292751107
+04 +01 +000.399405023319198
+04 +02 -000.488707558649121
+04 +03 -000.078323454301740

-05 -01 -000.136303357171792
-05 +00 +000.227144012537176
-05 +01 -000.152689629929470
-04 -01 -000.496399134516478
-04 +00 +000.016937562807847
-04 +01 +000.052058562013388
-03 -01 +000.253724623173848
-03 +00 +000.080448380981917
-03 +01 +000.194554987349197
-02 -01 -000.372487468566314
-02 +00 +000.279948425311610
-02 +01 -000.410489391689906
-01 -01 -000.264200710814858
-01 +00 +000.345211566303987
-01 +01 +000.219994263328504
+00 -01 -000.008666658770849
+00 +00 -000.117527986531640
+00 +01 -000.186161994418717
+01 -01 -000.364636092657428
+01 +00 +000.182467932790063
+01 +01 +000.033926012202810
+02 -01 -000.093434548931387
+02 +00 +000.085675102227517
+02 +01 +000.153001705380396
+03 -01 +000.209681036712710
+03 +00 +000.011878363001703
+03 +01 -000.493670726078782
+04 -01 +000.038783264809806
+04 +00 -000.208551191886785
+04 +01 +000.337693216369126
+05 -01 +000.092300121672240
+05 +00 +000.433676751271988
+05 +01 +000.328188012058601

-03 -04 -000.396516864623317
-03 -03 +000.100047144143171
-03 -02 -000.076506029771670
-03 -01 -000.084281551100026
-03 +00 +000.189552238326362
-03 +01 -000.387084656566779
-03 +02 -000.188202811430305
-03 +03 -000.080303441589275
-03 +04 +000.134793636236848
-02 -04 -000.300496049383458
-02 -03 +000.224335699891175
-02 -02 -000.374705152152909
-02 -01 -000.361083984726295
-02 +00 -000.274533196567238
-02 +01 -000.285684021292552
-02 +02 +000.091134592744929
-02 +03 -000.089688967935976
-02 +04 -000.175141382847356
-01 -04 -000.349586315822489
-01 -03 +000.110768074416872
-01 -02 -000.452187924583076
-01 -01 -000.473381949828405
-01 +00 -000.142702823837474
-01 +01 +000.365708051959761
-01 +02 -000.207351079992625
-01 +03 +000.342310268315270
-01 +04 -000.043207664079076
+00 -04 -000.096344015483470
+00 -03 -000.125768949151151
+00 -02 +000.329114618331205
+00 -01 +000.298231816369183
+00 +00 +000.114239461493237
+00 +01 +000.028606427803976
+00 +02 +000.323525368385173
+00 +03 -000.291405072469256
+00 +04 -000.216237683346433
+01 -04 +000.050750974207595
+01 -03 -000.406202786655245
+01 -02 +000.371841359320468
+01 -01 +000.193029594846536
+01 +00 -000.265376909020241
+01 +01 +000.250258838697900
+01 +02 +000.263795546345868
+01 +03 +000.332659143895477
+01 +04 +000.202720826532568
+02 -04 +000.252131825715128
+02 -03 +000.038526725081380
+02 -02 -000.343382913179297
+02 -01 +000.049464862817218
+02 +00 -000.137116130398196
+02 +01 +000.203186077993524
+02 +02 -000.074809210678490
+02 +03 +000.386908945473157
+02 +04 -000.134615935988671
+03 -04 -000.253634473111301
+03 -03 -000.424185473726402
+03 -02 -000.137412131905409
+03 -01 -000.347958841194848
+03 +00 +000.465683873437002
+03 +01 -000.341783427943093
+03 +02 -000.285402375061555
+03 +03 +000.206056563698166
+03 +04 -000.443967065279313

-02 -04 -000.355650728164570
-02 -03 -000.295082239368229
-02 -02 -000.426472134265264
-02 -01 -000.353181124873943
-02 +00 -000.261272169210930
-02 +01 +000.009111533003483
-02 +02 +000.146311961342822
-02 +03 -000.475667564189169
-02 +04 +000.469405648561526
-01 -04 -000.037392849656253
-01 -03 -000.371049288806598
-01 -02 +000.235317849461553
-01 -01 +000.170249309746712
-01 +00 +000.478824478126534
-01 +01 +000.477440191687253
-01 +02 +000.006530578245270
-01 +03 +000.245986157378422
-01 +04 +000.019745606970024
+00 -04 +000.296061066633317
+00 -03 +000.223979086174377
+00 -02 -000.274019123981649
+00 -01 +000.283225183628905
+00 +00 -000.123085205343502
+00 +01 +000.178375300842288
+00 +02 -000.206003876641488
+00 +03 +000.321512562837295
+00 +04 -000.398019342461016
+01 -04 -000.259091508172891
+01 -03 +000.156437968013529
+01 -02 +000.405898426895914
+01 -01 +000.376588400402753
+01 +00 -000.177520588021195
+01 +01 -000.387998959031670
+01 +02 +000.420694161308705
+01 +03 -000.352055992174771
+01 +04 -000.338094377231945
+02 -04 +000.359964455418903
+02 -03 -000.356053426716727
+02 -02 +000.119310975455584
+02 -01 -000.176109789612903
+02 +00 +000.080747902097551
+02 +01 +000.358459283524342
+02 +02 +000.267535499706594
+02 +03 -000.340139432385392
+02 +04 -000.241268371400346

-02 -04 -000.237881517142485
-02 -03 -000.177956398223896
-02 -02 -000.464690866412430
-02 -01 -000.423065073573031
-02 +00 +000.109296951153404
-02 +01 -000.275343098002672
-02 +02 +000.350060632295071
-02 +03 -000.240379257214299
-02 +04 +000.474078894030636
-01 -04 +000.225829077902062
-01 -03 -000.455632231918832
-01 -02 -000.015822410964802
-01 -01 +000.044275104561401
-01 +00 -000.462802297701315
-01 +01 -000.227989785892195
-01 +02 -000.327035052133911
-01 +03 +000.091967824409856
-01 +04 -000.402249346645602
+00 -04 -000.210046528975293
+00 -03 -000.329364479977675
+00 -02 -000.425993889606481
+00 -01 +000.237271938699679
+00 +00 -000.386658672706512
+00 +01 +000.026579837382240
+00 +02 +000.296968809658891
+00 +03 +000.246402195340798
+00 +04 +000.143087203890827
+01 -04 -000.259843117291670
+01 -03 -000.248112470006616
+01 -02 +000.465407565811566
+01 -01 -000.483472987819934
+01 +00 +000.239606840734051
+01 +01 +000.161705675154604
+01 +02 -000.296810966812937
+01 +03 +000.042980824913331
+01 +04 +000.196569641527820
+02 -04 +000.006380179475003
+02 -03 -000.144720034126761
+02 -02 -000.268074183948445
+02 -01 +000.386891747963227
+02 +00 +000.418949145257905
+02 +01 +000.087573373706966
+02 +02 +000.401381102316029
+02 +03 +000.240031825174216
+02 +04 +000.098388840771910

-05 -03 +000.226225353020385
-05 -02 -000.393363900822068
-05 -01 +000.203194300395886
-05 +00 -000.073824778962343
-05 +01 -000.434043353779258
-05 +02 -000.158478329789960
-05 +03 -000.269273874648763
-04 -03 +000.089511509289171
-04 -02 -000.016350885201786
-04 -01 +000.005244325096711
-04 +00 -000.057666712643857
-04 +01 +000.309907134394091
-04 +02 -000.246514776820675
-04 +03 -000.474308110606493
-03 -03 +000.323162685722286
-03 -02 -000.008731140102531
-03 -01 +000.218461045312675
-03 +00 +000.229736242100699
-03 +01 +000.375003115317598
-03 +02 +000.414924234000745
-03 +03 -000.091613282188731
-02 -03 -000.041765917559556
-02 -02 +000.357815124892864
-02 -01 +000.448858535430844
-02 +00 +000.394851711646009
-02 +01 -000.323147395955416
-02 +02 -000.179872794233535
-02 +03 -000.209567189667169
-01 -03 -000.148767134710820
-01 -02 -000.407311542649925
-01 -01 -000.201438678165502
-01 +00 -000.230705813359601
-01 +01 +000.331266458708050
-01 +02 -000.074032115452004
-01 +03 +000.361985397421971
+00 -03 +000.216214738301950
+00 -02 +000.357814428006724
+00 -01 +000.168071449584153
+00 +00 +000.108874880989652
+00 +01 +000.061919423364229
+00 +02 +000.369039446865486
+00 +03 -000.363872115170756
+01 -03 -000.239263071230843
+01 -02 +000.152681786629651
+01 -01 +000.229657858359770
+01 +00 +000.250007064016691
+01 +01 +000.472672069302567
+01 +02 +000.006702873316532
+01 +03 -000.308739583227791
+02 -03 +000.462073076016117
+02 -02 -000.268262008452666
+02 -01 +000.189675049509874
+02 +00 +000.238755597231679
+02 +01 +000.013770697049378
+02 +02 -000.425190034648655
+02 +03 +000.169787232234620
+03 -03 +000.474764541983342
+03 -02 +000.384607817270688
+03 -01 +000.190849183756491
+03 +00 -000.468530956096906
+03 +01 -000.331523671246758
+03 +02 -000.452691782628372
+03 +03 +000.358233322253037
+04 -03 -000.310117046456737
+04 -02 -000.078906464049944
+04 -01 +000.155412193375569
+04 +00 +000.286759835983177
+04 +01 +000.029505092090312
+04 +02 -000.264169270836863
+04 +03 -000.230377967841533
+05 -03 +000.382401747081875
+05 -02 +000.388486786598101
+05 -01 -000.332044625855911
+05 +00 -000.422702879115653
+05 +01 -000.119298568425696
+05 +02 -000.498137609465718
+05 +03 -000.030416288785998

-01 -05 -000.078116153557425
-01 -04 -000.381016222260965
-01 -03 -000.270437295170610
-01 -02 -000.487733755742190
-01 -01 +000.257466870770555
-01 +00 +000.323716757747362
-01 +01 -000.300518805179599
-01 +02 +000.016407938913572
-01 +03 +000.327753080146631
-01 +04 +000.229144065946591
-01 +05 -000.397754720959196
+00 -05 -000.112438948423058
+00 -04 -000.161228913277804
+00 -03 -000.424258862233569
+00 -02 -000.471301945842942
+00 -01 -000.206871571902678
+00 +00 +000.351310973072783
+00 +01 +000.339904030212238
+00 +02 +000.384880675518953
+00 +03 +000.153516266620679
+00 +04 -000.292402528904674
+00 +05 -000.328630145715414
+01 -05 +000.194276920408394
+01 -04 -000.432653224095498
+01 -03 +000.089807313593560
+01 -02 -000.463701589859901
+01 -01 -000.205207648408946
+01 +00 +000.222030031462362
+01 +01 -000.197833092161347
+01 +02 +000.178814160660339
+01 +03 -000.297042075496968
+01 +04 -000.205854639160702
+01 +05 -000.459922003306505

-02 -04 -000.204645379609521
-02 -03 -000.234420232306334
-02 -02 +000.464380975985983
-02 -01 +000.478705925715169
-02 +00 -000.449117207482292
-02 +01 -000.187701735805562
-02 +02 -000.169521533598178
-02 +03 -000.243059260162790
-02 +04 -000.102785277459680
-01 -04 -000.472758541870815
-01 -03 -000.384199664809863
-01 -02 +000.440525607915021
-01 -01 -000.433881503943186
-01 +00 +000.231320288111689
-01 +01 +000.048623903067520
-01 +02 -000.401790358363320
-01 +03 +000.253875587279124
-01 +04 -000.445792625681454
+00 -04 -000.382225813483071
+00 -03 +000.340381876854696
+00 -02 +000.432133417083279
+00 -01 -000.462737333893790
+00 +00 +000.155844471294727
+00 +01 -000.030220870702396
+00 +02 -000.006155396283976
+00 +03 -000.298235293762787
+00 +04 +000.133927372960912
+01 -04 -000.418650557537207
+01 -03 -000.089970691696977
+01 -02 +000.077018873431507
+01 -01 +000.339101395457686
+01 +00 +000.185494914386060
+01 +01 +000.355810992445628
+01 +02 -000.140763114453252
+01 +03 +000.460754997072838
+01 +04 +000.017423554722439
+02 -04 +000.156802356382767
+02 -03 -000.076203301661072
+02 -02 +000.129924681973195
+02 -01 +000.200195749090577
+02 +00 -000.279316632469644
+02 +01 +000.128987320175747
+02 +02 +000.228305814378964
+02 +03 +000.170511180393493
+02 +04 -000.275689429357398
