-01 -02 +000.358243792641257
-01 -01 +000.415044749820917
-01 +00 +000.046104741268917
-01 +01 +000.424127402914767
-01 +02 -000.551274047568949
+00 -02 +000.410538864628180
+00 -01 +000.612980364284533
+00 +00 -000.004972902523417
+00 +01 +000.609016585542133
+00 +02 +000.252946138873469
+01 -02 -000.811546063359154
+01 -01 +000.031743633589538
+01 +00 +000.521297718327083
+01 +01 -000.503853208889018
+01 +02 +000.675906653845123

-02 -02 +000.421006622646525
-02 -01 +000.480906178090121
-02 +00 -000.635263847780460
-02 +01 +000.894805204388220
-02 +02 +000.584175736544537
-01 -02 -000.576120799948668
-01 -01 -000.353740791776287
-01 +00 +000.214452933316455
-01 +01 -000.383478645979110
-01 +02 -000.003525574788430
+00 -02 +000.227121079914011
+00 -01 -000.061257884975632
+00 +00 -000.274488519420299
+00 +01 -000.015182771960642
+00 +02 -000.995445420016587
+01 -02 +000.453668389987550
+01 -01 +000.609772438313025
+01 +00 -000.156572165690603
+01 +01 -000.727662025158465
+01 +02 +000.388809304165355
+02 -02 +000.768514849552499
+02 -01 +000.841013076995439
+02 +00 -000.103569295517553
+02 +01 +000.148824099713787
+02 +02 -000.734317139679779

-01 -04 +000.740189991257474
-01 -03 -000.087220665328397
-01 -02 +000.319013614989625
-01 -01 +000.957933647770221
-01 +00 +000.062956867249200
-01 +01 +000.878228201343879
-01 +02 +000.163991109111991
-01 +03 +000.331905416748249
-01 +04 -000.645356894741293
+00 -04 -000.863392206906535
+00 -03 +000.681671757838540
+00 -02 -000.301612367978414
+00 -01 +000.333371654867356
+00 +00 +000.458151040021730
+00 +01 -000.943609821370403
+00 +02 -000.831866439987575
+00 +03 -000.991052310354671
+00 +04 -000.691381954206938
+01 -04 +000.475966736475199
+01 -03 -000.950512986723517
+01 -02 -000.995445229916950
+01 -01 +000.354970708988181
+01 +00 +000.462865061462300
+01 +01 +000.326757217127768
+01 +02 +000.083476193699346
+01 +03 +000.509850276024199
+01 +04 -000.042700557414449

-04 -04 -000.962159969394142
-04 -03 -000.445457747922776
-04 -02 -000.006681660501289
-04 -01 +000.614801180076035
-04 +00 +000.462440079629764
-04 +01 +000.624754132821179
-04 +02 -000.400085085463701
-04 +03 -000.399368141437495
-04 +04 +000.415467923448357
-03 -04 -000.362299193670120
-03 -03 -000.805248718747000
-03 -02 +000.444376867220119
-03 -01 -000.200503338527018
-03 +00 -000.116029373230256
-03 +01 -000.895584370928801
-03 +02 +000.170253668908038
-03 +03 +000.600407056551781
-03 +04 -000.136086108820361
-02 -04 +000.819535161018485
-02 -03 +000.116631256395825
-02 -02 -000.827900684269958
-02 -01 +000.965126014134505
-02 +00 +000.364847505719098
-02 +01 -000.690774870684873
-02 +02 +000.648082602021495
-02 +03 -000.772463934053144
-02 +04 -000.274202902322258
-01 -04 -000.410381183936121
-01 -03 +000.670327100896413
-01 -02 +000.058821616969108
-01 -01 +000.515672971667675
-01 +00 -000.195289006804478
-01 +01 +000.781016537361802
-01 +02 +000.639847187806090
-01 +03 +000.702584815722960
-01 +04 -000.238486828504484
+00 -04 -000.703411774080036
+00 -03 -000.990527267174292
+00 -02 +000.183646119051501
+00 -01 +000.825090592201479
+00 +00 +000.379427301145995
+00 +01 -000.788038216709989
+00 +02 -000.327875424537427
+00 +03 +000.645390663121415
+00 +04 -000.236045302884660
+01 -04 -000.851614157841782
+01 -03 -000.242511235771427
+01 -02 +000.634491170681849
+01 -01 +000.403870256314584
+01 +00 +000.502951758999183
+01 +01 -000.305751294506391
+01 +02 +000.540115166081961
+01 +03 +000.746521932316463
+01 +04 -000.266975952802005
+02 -04 -000.837921231558850
+02 -03 +000.956785177634204
+02 -02 +000.265070768394064
+02 -01 +000.030078253746422
+02 +00 -000.696898859812663
+02 +01 +000.762074139449750
+02 +02 -000.661639396050429
+02 +03 +000.802267430682960
+02 +04 +000.222458247632791
+03 -04 -000.353552012586517
+03 -03 -000.606362773460454
+03 -02 +000.637841897258868
+03 -01 -000.452610074329744
+03 +00 +000.431448687871341
+03 +01 +000.428944884045242
+03 +02 -000.049271510684019
+03 +03 -000.810597167141356
+03 +04 -000.688983566284833
+04 -04 +000.305508556606660
+04 -03 -000.254990622149713
+04 -02 -000.581287476497671
+04 -01 +000.840320206300785
+04 +00 +000.465351907557889
+04 +01 -000.761306558886622
+04 +02 -000.761235809639940
+04 +03 -000.158046602530482
+04 +04 +000.689743383113970

-03 -01 +000.266966342368376
-03 +00 +000.379394392908192
-03 +01 +000.034700213328111
-02 -01 -000.989790926863746
-02 +00 +000.719631763214386
-02 +01 -000.554945230213082
-01 -01 -000.422445526899971
-01 +00 -000.700018501290300
-01 +01 +000.666395805451663
+00 -01 -000.318538381932542
+00 +00 +000.872802336418651
+00 +01 +000.389115425956633
+01 -01 -000.541579533290592
+01 +00 +000.870122341556426
+01 +01 -000.382464927368325
+02 -01 -000.365772516271738
+02 +00 -000.608388812882262
+02 +01 -000.201473610465411
+03 -01 -000.297314816996167
+03 +00 +000.503734691182501
+03 +01 -000.352899730112731

-02 -01 -000.484757199657926
-02 +00 +000.137429890574109
-02 +01 +000.125080041552124
-01 -01 +000.381752428661621
-01 +00 -000.535553632928428
-01 +01 -000.244581131241121
+00 -01 +000.231052475514889
+00 +00 -000.669390102310101
+00 +01 +000.917158842924618
+01 -01 +000.815199046354676
+01 +00 -000.236410652881222
+01 +01 +000.367432941296976
+02 -01 +000.644161582090865
+02 +00 +000.477138077299743
+02 +01 +000.345905822297824

-01 -01 +000.368245890774245
-01 +00 +000.404728407902976
-01 +01 -000.688708776176616
+00 -01 -000.513711611130640
+00 +00 -000.154349659296206
+00 +01 -000.453959709803863
+01 -01 -000.522979360366897
+01 +00 +000.142626771618632
+01 +01 +000.406243419681566

-02 -02 -000.342688093718721
-02 -01 +000.423083091988554
-02 +00 +000.845795943891062
-02 +01 +000.884561885314404
-02 +02 +000.642835047929727
-01 -02 +000.710041232920456
-01 -01 +000.582332885644300
-01 +00 +000.810635171995428
-01 +01 +000.562006969088502
-01 +02 -000.093952898491049
+00 -02 -000.116810454479444
+00 -01 -000.075969103242948
+00 +00 +000.425181059541866
+00 +01 -000.197497574806957
+00 +02 +000.888277203916126
+01 -02 +000.260925145197884
+01 -01 +000.463569099441885
+01 +00 +000.729466122598199
+01 +01 +000.638846341868953
+01 +02 -000.493458261416530
+02 -02 -000.571780328814536
+02 -01 +000.000497468888021
+02 +00 +000.183044082838026
+02 +01 +000.463747053317110
+02 +02 +000.142966120526893

-02 -04 -000.673262425845805
-02 -03 -000.729875064448225
-02 -02 -000.214720737492682
-02 -01 -000.660162885612048
-02 +00 -000.245601743952530
-02 +01 -000.075087326833138
-02 +02 +000.987032339812051
-02 +03 -000.782746923955688
-02 +04 +000.237433482662832
-01 -04 -000.784702295058288
-01 -03 +000.881536703763730
-01 -02 -000.285286799712615
-01 -01 -000.114304213215163
-01 +00 -000.365367234820835
-01 +01 -000.254165175553426
-01 +02 -000.272974190525641
-01 +03 +000.077528409582942
-01 +04 +000.494557742299574
+00 -04 +000.349128647964323
+00 -03 -000.609022936363741
+00 -02 +000.824104620984513
+00 -01 +000.648231543052213
+00 +00 +000.989896110130889
+00 +01 -000.772651008554961
+00 +02 +000.763080268391407
+00 +03 +000.321956214952116
+00 +04 -000.738977844949030
+01 -04 -000.456155117364656
+01 -03 +000.178462656908660
+01 -02 +000.230607000136044
+01 -01 +000.470746993999412
+01 +00 +000.207757005148661
+01 +01 -000.240544342482303
+01 +02 +000.972251411827431
+01 +03 -000.994635826972277
+01 +04 -000.693820615458186
+02 -04 -000.756572281955898
+02 -03 -000.408140430920466
+02 -02 -000.842688971846988
+02 -01 -000.899241617359901
+02 +00 -000.220091870413112
+02 +01 +000.828545959713316
+02 +02 +000.541640783250175
+02 +03 -000.873734644207055
+02 +04 -000.961719793526277

-01 -04 -000.331211161631250
-01 -03 +000.022827225198230
-01 -02 +000.051021696452548
-01 -01 -000.426567109197692
-01 +00 -000.436871656005060
-01 +01 +000.338742085031476
-01 +02 +000.270920285828714
-01 +03 -000.451950775062517
-01 +04 +000.635157598456749
+00 -04 -000.012993288970196
+00 -03 +000.479626070238655
+00 -02 +000.438603460757618
+00 -01 +000.333473520934116
+00 +00 -000.384507231808395
+00 +01 -000.929892454536598
+00 +02 +000.915767925490526
+00 +03 -000.279051956876170
+00 +04 +000.206409585834845
+01 -04 -000.899471590219233
+01 -03 -000.597153656048319
+01 -02 -000.540681224950603
+01 -01 -000.568594519710992
+01 +00 -000.997993928376416
+01 +01 -000.698873049935273
+01 +02 +000.149973879236213
+01 +03 +000.813722982766437
+01 +04 +000.700245661354107
