-02 -04 -000.189659108212228
-02 -03 +000.402878075008442
-02 -02 -000.015781692613078
-02 -01 -000.107967565670091
-02 +00 -000.423800721702385
-02 +01 +000.194696206410924
-02 +02 -000.171692087232421
-02 +03 +000.400280619379508
-02 +04 +000.242902186017121
-01 -04 -000.466661232778795
-01 -03 +000.286283238222258
-01 -02 +000.317308845757363
-01 -01 -000.473337278493684
-01 +00 +000.289492539055226
-01 +01 +000.440806245507942
-01 +02 -000.107156894079561
-01 +03 +000.360199115769428
-01 +04 -000.337129763355008
+00 -04 +000.197785496771890
+00 -03 -000.477143068615712
+00 -02 +000.185100677577365
+00 -01 -000.209000706255006
+00 +00 -000.031548123816670
+00 +01 -000.278968040667428
+00 +02 -000.408671654876856
+00 +03 -000.197144494338758
+00 +04 +000.329717014637838
+01 -04 -000.216992322592236
+01 -03 -000.453393719218323
+01 -02 +000.305063474332546
+01 -01 -000.164606369444879
+01 +00 +000.401668959226348
+01 +01 -000.359733536382952
+01 +02 -000.220082821063089
+01 +03 +000.286460176754951
+01 +04 -000.155233975361364
+02 -04 -000.236878921194453
+02 -03 -000.063183117874907
+02 -02 +000.485916691269235
+02 -01 +000.249856853354193
+02 +00 -000.314018938487273
+02 +01 -000.345171790811964
+02 +02 +000.054182734399709
+02 +03 -000.476845101371935
+02 +04 +000.001155214832133

-03 -01 -000.309325004054660
-03 +00 -000.021144513299806
-03 +01 -000.471540415787105
-02 -01 -000.290975920679950
-02 +00 -000.461273934186384
-02 +01 +000.361234397328801
-01 -01 +000.078162435335423
-01 +00 -000.077727210510456
-01 +01 +000.414463860907651
+00 -01 -000.273914955381983
+00 +00 +000.067227876107249
+00 +01 +000.069345617298100
+01 -01 -000.371208534408715
+01 +00 -000.298535500959320
+01 +01 -000.117808483205813
+02 -01 +000.227373461268829
+02 +00 +000.112765460711678
+02 +01 +000.381017209869318
+03 -01 -000.062599837784953
+03 +00 +000.157863504951853
+03 +01 +000.168857879508121

-05 -02 +000.260869409292132
-05 -01 -000.448349431246636
-05 +00 +000.488653836000156
-05 +01 +000.329736072036904
-05 +02 +000.266875110414855
-04 -02 -000.167057372852263
-04 -01 -000.395021141255405
-04 +00 +000.281830432690176
-04 +01 +000.005708647857709
-04 +02 +000.026594594872826
-03 -02 +000.416067031945408
-03 -01 -000.378895325620611
-03 +00 +000.154036964841877
-03 +01 +000.304263104179727
-03 +02 -000.219527864492736
-02 -02 -000.489815186334625
-02 -01 -000.089574063132344
-02 +00 +000.461053209637158
-02 +01 -000.205811876492088
-02 +02 -000.169079718103638
-01 -02 -000.131468774192507
-01 -01 -000.047018847681334
-01 +00 +000.175124946587787
-01 +01 -000.403914562652602
-01 +02 +000.410974498240060
+00 -02 -000.066312016358208
+00 -01 +000.426942829777361
+00 +00 -000.228013856461142
+00 +01 -000.257994092434016
+00 +02 -000.080059845815906
+01 -02 -000.366875160567439
+01 -01 +000.475892217813119
+01 +00 +000.401501876187266
+01 +01 +000.467501512430781
+01 +02 -000.451803251799633
+02 -02 +000.238318679250635
+02 -01 -000.218397626390148
+02 +00 +000.170735665691618
+02 +01 -000.438121043612969
+02 +02 +000.375475126816207
+03 -02 -000.401924488725217
+03 -01 +000.315237793732504
+03 +00 -000.035450815883391
+03 +01 +000.225683280701316
+03 +02 -000.256339603136829
+04 -02 -000.066200375502554
+04 -01 -000.262533222590654
+04 +00 +000.134868419128213
+04 +01 -000.453141906978511
+04 +02 -000.016523059408501
+05 -02 +000.429542449562325
+05 -01 -000.272769309517966
+05 +00 +000.057735174216024
+05 +01 -000.307980086446537
+05 +02 +000.288952023031958

-04 -03 -000.330145923655889
-04 -02 +000.079477524635567
-04 -01 -000.364173204795651
-04 +00 +000.309350027315166
-04 +01 -000.033230017756712
-04 +02 +000.185716206645459
-04 +03 +000.441051765963480
-03 -03 -000.080163421597298
-03 -02 -000.113095708556033
-03 -01 +000.242700890974703
-03 +00 -000.464928586535953
-03 +01 -000.280409678193247
-03 +02 +000.478480013532502
-03 +03 +000.207242223533515
-02 -03 -000.411310464712756
-02 -02 -000.266255673146602
-02 -01 +000.403037379636541
-02 +00 -000.252658823597686
-02 +01 -000.339018482504633
-02 +02 -000.114048736795039
-02 +03 -000.486996742879030
-01 -03 +000.191388960633567
-01 -02 -000.002400887398460
-01 -01 -000.036360923407065
-01 +00 -000.084866827521370
-01 +01 +000.069492021474904
-01 +02 +000.070567678793392
-01 +03 -000.072351297788874
+00 -03 +000.241796271015651
+00 -02 -000.189814289719714
+00 -01 -000.171471822576982
+00 +00 +000.038572058802467
+00 +01 +000.155663211956342
+00 +02 +000.320513496584700
+00 +03 +000.122938726528880
+01 -03 -000.358437337246336
+01 -02 +000.095551167538507
+01 -01 +000.417832499984201
+01 +00 +000.479015640071824
+01 +01 +000.156722452433792
+01 +02 -000.015225867743578
+01 +03 -000.141606056576452
+02 -03 -000.054959557736455
+02 -02 +000.267636052187400
+02 -01 +000.445882681769598
+02 +00 +000.341495375946915
+02 +01 -000.161521994970660
+02 +02 +000.081232177603169
+02 +03 -000.465316555318501
+03 -03 -000.181175247776674
+03 -02 -000.311747391938328
+03 -01 +000.193470591047094
+03 +00 -000.014214440952225
+03 +01 -000.335811425036307
+03 +02 +000.389669199389672
+03 +03 +000.482793830099712
+04 -03 +000.027180667434662
+04 -02 -000.165877386730731
+04 -01 -000.122657570273642
+04 +00 +000.247523380136415
+04 +01 -000.444398362324391
+04 +02 +000.444329293219995
+04 +03 -000.016732873593478

-01 -01 +000.304009450488894
-01 +00 +000.335570005311635
-01 +01 +000.221176260205696
+00 -01 +000.237318051151983
+00 +00 -000.389292926161542
+00 +01 +000.299435652409272
+01 -01 +000.214738286358360
+01 +00 -000.447118805137375
+01 +01 -000.249312755417741

-05 -01 -000.382849119471429
-05 +00 -000.069004913163209
-05 +01 -000.459475718325203
-04 -01 +000.189894236383964
-04 +00 -000.401803723911402
-04 +01 +000.222447562159139
-03 -01 -000.075647381623127
-03 +00 +000.181293637828112
-03 +01 -000.058608839312867
-02 -01 +000.309666059630135
-02 +00 +000.164954182761250
-02 +01 -000.175443928714031
-01 -01 +000.030686516266483
-01 +00 -000.264510261220607
-01 +01 -000.365495119713363
+00 -01 +000.275776834752238
+00 +00 -000.137893999487789
+00 +01 -000.392462233421730
+01 -01 +000.400521066841337
+01 +00 +000.056034550492382
+01 +01 +000.250658244361596
+02 -01 +000.436213959217392
+02 +00 -000.159840949398207
+02 +01 +000.030670936978100
+03 -01 -000.371900600429400
+03 +00 -000.214121314033448
+03 +01 -000.039168505095056
+04 -01 +000.105379569224269
+04 +00 -000.181391677273828
+04 +01 -000.423222427245183
+05 -01 -000.335361696856147
+05 +00 -000.064497225243887
+05 +01 -000.389622792977012

-01 -01 -000.320777347261509
-01 +00 -000.131558961715263
-01 +01 -000.311524570709123
+00 -01 +000.341717182671396
+00 +00 +000.089280078015437
+00 +01 -000.335701386623790
+01 -01 -000.173801953496195
+01 +00 -000.426985477327803
+01 +01 -000.107395861588361

-05 -03 +000.211739428511898
-05 -02 -000.164466727286208
-05 -01 +000.006253713178736
-05 +00 +000.104352859090389
-05 +01 -000.206295473642828
-05 +02 +000.481605833348531
-05 +03 +000.135477967779003
-04 -03 -000.469004338473222
-04 -02 +000.282609345643636
-04 -01 -000.335783102448696
-04 +00 +000.434342812035698
-04 +01 -000.132187742966272
-04 +02 -000.190512642322091
-04 +03 -000.450502025068837
-03 -03 +000.027980066082093
-03 -02 +000.331722300950537
-03 -01 -000.261634460357438
-03 +00 -000.440272856732912
-03 +01 -000.421104385956417
-03 +02 +000.290575893047405
-03 +03 +000.141622411093502
-02 -03 -000.316039967145355
-02 -02 +000.104230035221259
-02 -01 +000.252393396656549
-02 +00 -000.177907766271267
-02 +01 -000.369604765808764
-02 +02 +000.391265208819901
-02 +03 +000.347686168380402
-01 -03 -000.285950328437955
-01 -02 +000.233533309791454
-01 -01 +000.072327858214906
-01 +00 -000.017143347909704
-01 +01 +000.237805656493000
-01 +02 -000.213121887595304
-01 +03 -000.138175628295466
+00 -03 +000.472684135291244
+00 -02 +000.190532771986209
+00 -01 +000.076135682077224
+00 +00 -000.023719212387056
+00 +01 -000.280369111047382
+00 +02 -000.448065708055847
+00 +03 -000.112325104103555
+01 -03 +000.119134427396011
+01 -02 +000.239338193682094
+01 -01 +000.161518353489393
+01 +00 -000.229833479131920
+01 +01 +000.230716118374770
+01 +02 -000.278321864131674
+01 +03 +000.093255047123897
+02 -03 -000.281302801495549
+02 -02 -000.066134927059911
+02 -01 +000.041196796484436
+02 +00 -000.345605411811387
+02 +01 +000.260460586757633
+02 +02 -000.440135996681936
+02 +03 -000.291998594264820
+03 -03 +000.178797603202567
+03 -02 -000.139184662288946
+03 -01 -000.091302562578160
+03 +00 +000.226014349275992
+03 +01 +000.356818759638975
+03 +02 -000.401578516800005
+03 +03 -000.477412047100311
+04 -03 -000.126980199823001
+04 -02 +000.296245361737996
+04 -01 +000.130704850233570
+04 +00 -000.209137595829173
+04 +01 -000.211450746798383
+04 +02 -000.479728511874226
+04 +03 -000.150108470030221
+05 -03 +000.242495106754691
+05 -02 -000.335612682364103
+05 -01 -000.140835992629335
+05 +00 +000.037824935257156
+05 +01 -000.132274126765883
+05 +02 -000.483720495291175
+05 +03 +000.335479551148526

-05 -03 -000.350679469385270
-05 -02 +000.241050081409246
-05 -01 -000.132553559190348
-05 +00 +000.100384380361006
-05 +01 -000.276643078279635
-05 +02 +000.465073432081930
-05 +03 -000.222060487933121
-04 -03 -000.495310727418720
-04 -02 +000.342563395124560
-04 -01 -000.263001447353822
-04 +00 -000.400557271251394
-04 +01 +000.147403416288844
-04 +02 +000.476011879216538
-04 +03 +000.483864723561830
-03 -03 +000.110984839060666
-03 -02 +000.038013263831681
-03 -01 +000.147082970471679
-03 +00 +000.113592018278756
-03 +01 -000.453950363870571
-03 +02 +000.083375621591348
-03 +03 +000.040378407705802
-02 -03 -000.048999414961997
-02 -02 -000.483423460983221
-02 -01 -000.111966513192614
-02 +00 -000.045279734306444
-02 +01 -000.106110261345574
-02 +02 -000.319124393086206
-02 +03 -000.109423643013672
-01 -03 +000.093054039710027
-01 -02 +000.249190379694970
-01 -01 +000.206726945896873
-01 +00 -000.434417465366015
-01 +01 -000.207711157711315
-01 +02 +000.391527531580352
-01 +03 -000.048372550561218
+00 -03 +000.305102048083526
+00 -02 +000.312152937993384
+00 -01 -000.196432423239643
+00 +00 -000.252189992019047
+00 +01 +000.138783620815144
+00 +02 +000.370037944906806
+00 +03 +000.380261318905444
+01 -03 -000.214710360661826
+01 -02 -000.184534823812508
+01 -01 +000.180357737092615
+01 +00 -000.353655039057258
+01 +01 -000.369763128105992
+01 +02 +000.358634859305092
+01 +03 -000.040542135833362
+02 -03 -000.152709520339405
+02 -02 +000.265131568291188
+02 -01 -000.445664424374561
+02 +00 -000.201310243359241
+02 +01 -000.142594715693297
+02 +02 -000.176740573108559
+02 +03 +000.377259037469854
+03 -03 +000.260824281489039
+03 -02 +000.306231251244572
+03 -01 -000.354653781957169
+03 +00 -000.120868573546298
+03 +01 +000.252611248732979
+03 +02 +000.326336419217341
+03 +03 -000.333016967222860
+04 -03 +000.022590992268146
+04 -02 -000.449193200866264
+04 -01 +000.396093462148120
+04 +00 -000.381418690211278
+04 +01 -000.379824514443004
+04 +02 -000.094641872657423
+04 +03 +000.147602585353816
+05 -03 -000.006747870131049
+05 -02 -000.180763371501675
+05 -01 +000.423816380559527
+05 +00 +000.366971018967100
+05 +01 +000.024458551466136
+05 +02 +000.428994308371874
+05 +03 -000.179939669854344

-04 -01 +000.065285381106996
-04 +00 +000.432965065376075
-04 +01 +000.073156784160758
-03 -01 -000.461613630972180
-03 +00 +000.113033231057788
-03 +01 +000.115309457230476
-02 -01 -000.277020953693618
-02 +00 -000.000377490782728
-02 +01 -000.158650293726955
-01 -01 -000.190125132788271
-01 +00 +000.074046099465689
-01 +01 +000.173877296294549
+00 -01 -000.389144998976560
+00 +00 -000.205779191827328
+00 +01 -000.232624930925010
+01 -01 -000.298029313108701
+01 +00 -000.436833451011828
+01 +01 -000.231831099133121
+02 -01 -000.080324925294069
+02 +00 -000.257119329760442
+02 +01 +000.255860144073945
+03 -01 -000.261032786958736
+03 +00 +000.105009348474332
+03 +01 -000.136861571196593
+04 -01 +000.223913218878969
+04 +00 -000.186938182758316
+04 +01 -000.134000460712688
