-04 -01 +001.066697102084380
-04 +00 +000.818195786248321
-04 +01 +006.204000438278672
-03 -01 +000.060327415540800
-03 +00 +001.925959802645461
-03 +01 +005.689639456677734
-02 -01 -000.327466705174251
-02 +00 +000.316575643003509
-02 +01 +004.115271297155878
-01 -01 -004.698988049094559
-01 +00 +002.584648475174880
-01 +01 -004.813649585963413
+00 -01 -004.818275993834540
+00 +00 +007.943434239494711
+00 +01 -005.844217942001088
+01 -01 -008.661942522972343
+01 +00 +000.644890220039591
+01 +01 +006.524344529004198
+02 -01 +002.009405215094811
+02 +00 -008.770221556654477
+02 +01 -009.373824169201487
+03 -01 +004.290658315277933
+03 +00 -000.025356981907019
+03 +01 +002.081278363179655
+04 -01 -007.687253928992218
+04 +00 -007.534426358798591
+04 +01 +001.376105778703571

-02 -02 +003.665745674747278
-02 -01 +003.610924686375587
-02 +00 +004.039972567009720
-02 +01 +000.439111380346338
-02 +02 -000.344135956301200
-01 -02 -008.436072793438123
-01 -01 -009.821060947317241
-01 +00 +006.892031925719920
-01 +01 -006.677116265702951
-01 +02 +006.485346805755761
+00 -02 +001.703212123588229
+00 -01 -009.539841589967574
+00 +00 +000.374166433222709
+00 +01 +000.227110128719621
+00 +02 +009.941597488908581
+01 -02 +005.753207475915037
+01 -01 -001.290492176458360
+01 +00 -007.676646625609218
+01 +01 +001.842931760888229
+01 +02 -001.832955225846078
+02 -02 +000.236918409330236
+02 -01 +005.248809723056884
+02 +00 +001.267072579839286
+02 +01 -000.281946532526572
+02 +02 +006.557835506896716
