-03 +01 -006.005347867402875
-01 +00 +002.343674980210208
-01 +01 -000.020676675472563
+00 -01 -007.588138179990529
+00 +00 +000.202187582973702
+01 -01 +005.031311918193854
+02 -01 +001.588154743898652
+02 +01 +001.861910706894299
+03 +01 +000.164842102450201

-01 -04 +004.836848830362289
-01 -03 -005.979378114722230
-01 -02 -001.033660762573046
-01 -01 +003.639998556140208
-01 +02 -003.030559177500773
-01 +04 -001.227750990112829
+00 -04 +007.651759229019087
+00 -03 +006.849381872780656
+00 -02 +005.041669725813742
+00 -01 +003.038030997122760
+00 +00 -005.238222402237637
+00 +01 +000.806988834778116
+00 +02 -006.635670520515806
+00 +03 +005.936928648706582
+01 -04 +006.153824049331849
+01 -03 +007.315549332117401
+01 -01 +004.808717473243325
+01 +03 +006.233535390572046

-03 -05 +002.923886272784008
-03 -01 -002.937033194246396
-03 +02 +003.545712156405980
-03 +03 +007.472949066798751
-03 +04 +003.701259867806503
-03 +05 -007.782827211807205
-02 -06 -000.096974790894389
-02 -04 +000.528633046721362
-02 -02 -005.228450913173619
-02 -01 +002.695234644755963
-02 +00 -004.720529655733873
-02 +03 +007.115610774377158
-02 +04 +006.957865634037876
-02 +05 -001.709463583157734
-01 -06 +001.931779365656423
-01 -03 +001.618889014379965
-01 -02 -006.563983054826372
-01 +00 -007.373664763740054
-01 +04 -006.657961212387592
-01 +06 -003.280940258111375
+00 -04 -004.399269172377901
+00 -03 -007.455293983842838
+00 +00 +006.003936280054155
+00 +01 +004.182426767493093
+00 +02 +005.100614843687678
+00 +04 -005.638254884128324
+01 -05 +005.141698844692112
+01 -03 -006.309027557847806
+01 +01 -005.565616275303305
+01 +03 -000.552663610491605
+01 +04 -003.904022129139435
+01 +05 -003.182537589260132
+01 +06 -001.427553755482905
+02 -06 -007.138021436353553
+02 -04 -003.345930252970200
+02 -03 +005.282266414065417
+02 -01 -001.499817883545886
+02 +01 -000.814737675412757
+02 +02 -006.972254218478925
+02 +03 +002.494147331775830
+02 +04 +006.176913308416095
+02 +05 +005.298101644593443
+02 +06 -006.363669095457508
+03 -04 +004.203814589801519
+03 -03 +007.319303420743919
+03 +06 -005.079796273427134
