-04 -03 -000.396585815772488
-04 -02 -000.312226771102223
-04 -01 +000.038582886756909
-04 +00 -000.002085763565263
-04 +01 -000.124762706032618
-04 +02 +000.339310338529556
-04 +03 +000.421947441410386
-03 -03 +000.337004947044988
-03 -02 -000.224407418046173
-03 -01 +000.096693900578183
-03 +00 +000.493693037742155
-03 +01 -000.489668774061711
-03 +02 -000.445622729003447
-03 +03 +000.429710319120240
-02 -03 -000.432569918970933
-02 -02 +000.363938519319503
-02 -01 +000.274049694757363
-02 +00 -000.123538941110155
-02 +01 -000.485820911728199
-02 +02 +000.146468133800652
-02 +03 +000.298342867485397
-01 -03 +000.088608712063398
-01 -02 -000.010885265412367
-01 -01 +000.238442925001844
-01 +00 -000.162999353954878
-01 +01 -000.379930313373052
-01 +02 +000.189273393917757
-01 +03 -000.304369135713820
+00 -03 -000.111659563917249
+00 -02 -000.242594300412731
+00 -01 -000.252890532284361
+00 +00 -000.452287244122693
+00 +01 +000.131650274733103
+00 +02 +000.395563913369789
+00 +03 -000.362481495620837
+01 -03 +000.118067352151316
+01 -02 -000.255146198326695
+01 -01 -000.070291145113286
+01 +00 -000.289133940628267
+01 +01 +000.385794035899025
+01 +02 -000.267741211935312
+01 +03 -000.309397330922880
+02 -03 -000.253887465991632
+02 -02 -000.058131379960623
+02 -01 +000.162478523738580
+02 +00 +000.010087681372747
+02 +01 -000.084089914218355
+02 +02 -000.283443442959088
+02 +03 -000.250882082999133
+03 -03 -000.142941547103393
+03 -02 -000.118379630020915
+03 -01 -000.094372952886834
+03 +00 -000.004295584769577
+03 +01 +000.383476356481674
+03 +02 +000.055701341282493
+03 +03 -000.286387209094138
+04 -03 +000.060448207041272
+04 -02 -000.296197032261448
+04 -01 -000.270995775197571
+04 +00 -000.124071899401245
+04 +01 -000.111855929752140
+04 +02 +000.119103028365529
+04 +03 +000.091046299863937

-05 -04 +000.221928160402782
-05 -03 -000.093212091407204
-05 -02 +000.223256837399923
-05 -01 +000.399476583357723
-05 +00 +000.317862428567344
-05 +01 +000.006017181732757
-05 +02 +000.391885713682060
-05 +03 -000.462714946818829
-05 +04 -000.074952430038853
-04 -04 -000.161966113282964
-04 -03 +000.168611491891252
-04 -02 +000.292302952055703
-04 -01 +000.041448874976962
-04 +00 -000.376629217963836
-04 +01 -000.267810941277265
-04 +02 +000.400820698736260
-04 +03 +000.195644602022627
-04 +04 +000.280106630786733
-03 -04 -000.083442192022033
-03 -03 -000.024673276408486
-03 -02 -000.112165213739226
-03 -01 +000.248630203636446
-03 +00 -000.246583474369582
-03 +01 +000.440188381145190
-03 +02 -000.480684443528495
-03 +03 +000.445186101095503
-03 +04 +000.177445583837594
-02 -04 -000.008629367178467
-02 -03 -000.088285343868298
-02 -02 +000.472923295962736
-02 -01 +000.000259743719323
-02 +00 +000.206804413419961
-02 +01 -000.343125248640003
-02 +02 +000.203850200338141
-02 +03 -000.330170920525662
-02 +04 +000.364992011756660
-01 -04 +000.068000273412804
-01 -03 -000.175910558077931
-01 -02 +000.415084645320975
-01 -01 -000.364457600664258
-01 +00 -000.336597810981313
-01 +01 -000.213941993285736
-01 +02 -000.284756149622134
-01 +03 +000.493584364359710
-01 +04 +000.450002065099435
+00 -04 -000.361923882169858
+00 -03 -000.345389060961648
+00 -02 +000.398272542567981
+00 -01 +000.276078074233998
+00 +00 +000.077859285000662
+00 +01 +000.053683851717386
+00 +02 +000.391753899113593
+00 +03 +000.372015323468038
+00 +04 +000.187126117018798
+01 -04 -000.361078101869630
+01 -03 +000.441854950527211
+01 -02 -000.372627905399008
+01 -01 -000.059756891402268
+01 +00 -000.210888941869817
+01 +01 -000.462658495973999
+01 +02 +000.127531506432875
+01 +03 +000.026566205826667
+01 +04 -000.144410136589598
+02 -04 +000.143177439822718
+02 -03 +000.191181069966587
+02 -02 +000.168848270252825
+02 -01 -000.467554192603222
+02 +00 -000.495720187471096
+02 +01 -000.433806850337932
+02 +02 -000.414868948151570
+02 +03 -000.396972534032144
+02 +04 -000.167544784176852
+03 -04 -000.348243744922350
+03 -03 +000.200645912067333
+03 -02 -000.278144379653779
+03 -01 -000.481507838907495
+03 +00 +000.053895751706974
+03 +01 -000.287458536941771
+03 +02 -000.176821351748609
+03 +03 +000.098022496079216
+03 +04 -000.435645849154037
+04 -04 +000.408124463791996
+04 -03 +000.434071166712349
+04 -02 -000.263162260015642
+04 -01 -000.076139874902917
+04 +00 -000.006705722104955
+04 +01 +000.098412866082286
+04 +02 -000.124826185003295
+04 +03 -000.318116096527660
+04 +04 +000.370699423085759
+05 -04 +000.300215589534241
+05 -03 -000.489119524062468
+05 -02 +000.127104780012508
+05 -01 +000.369718953090866
+05 +00 -000.392295926516288
+05 +01 +000.388184759255790
+05 +02 +000.462289694799776
+05 +03 +000.248343596088689
+05 +04 -000.337205940644249

-03 -03 +000.219689997737785
-03 -02 +000.032476951068645
-03 -01 +000.117429936934397
-03 +00 +000.484529683073211
-03 +01 -000.277593618722729
-03 +02 -000.443848184211269
-03 +03 -000.320937249747661
-02 -03 -000.365316859045727
-02 -02 -000.346103485190705
-02 -01 +000.361616058170747
-02 +00 +000.241334060124326
-02 +01 -000.129840570843355
-02 +02 -000.281432175534375
-02 +03 -000.219511219957374
-01 -03 +000.427793333486892
-01 -02 -000.201749832747113
-01 -01 +000.006165458019024
-01 +00 +000.111287012472725
-01 +01 +000.393337318337458
-01 +02 -000.439517175996992
-01 +03 +000.364988358930743
+00 -03 +000.362249519093894
+00 -02 +000.176402741546986
+00 -01 +000.189949449062065
+00 +00 -000.298555003218208
+00 +01 +000.010034824670116
+00 +02 +000.116183498051057
+00 +03 +000.107904597893111
+01 -03 +000.335590251198411
+01 -02 +000.112883798421425
+01 -01 +000.301727143276457
+01 +00 +000.246212176541595
+01 +01 -000.481987046072683
+01 +02 -000.472315475225014
+01 +03 -000.412096604017357
+02 -03 -000.266224121459181
+02 -02 -000.458707093716759
+02 -01 -000.098529859817816
+02 +00 +000.143936166523534
+02 +01 +000.113222378235951
+02 +02 +000.395611300279777
+02 +03 -000.353931807067376
+03 -03 +000.207151895478907
+03 -02 -000.412385589374634
+03 -01 +000.304836398269529
+03 +00 +000.106124179936951
+03 +01 -000.007165345395760
+03 +02 +000.097201147297950
+03 +03 -000.321337361451073

-02 -02 +000.314427000189459
-02 -01 +000.035061574495434
-02 +00 -000.427884743737287
-02 +01 +000.207592973440679
-02 +02 -000.409521547288463
-01 -02 +000.368258397558887
-01 -01 +000.059115153191373
-01 +00 -000.162402863429276
-01 +01 -000.186816777660652
-01 +02 -000.033951210759829
+00 -02 +000.211028056776828
+00 -01 +000.049293584291264
+00 +00 +000.446321044302284
+00 +01 +000.264212925147023
+00 +02 -000.133892980216844
+01 -02 +000.145950913901240
+01 -01 -000.194338764950932
+01 +00 +000.078528884678770
+01 +01 +000.480985459540833
+01 +02 -000.373700508023882
+02 -02 +000.014054090334857
+02 -01 -000.288877144222377
+02 +00 -000.347302429261740
+02 +01 -000.270854565097514
+02 +02 +000.323852327333165

-03 -05 +000.492447682517838
-03 -04 -000.206880362473160
-03 -03 -000.474379712365347
-03 -02 -000.426556516390969
-03 -01 +000.000335698711892
-03 +00 -000.191342837965449
-03 +01 -000.418031195013614
-03 +02 -000.300139134687181
-03 +03 -000.355955883780475
-03 +04 -000.156941652552018
-03 +05 -000.332999183863948
-02 -05 +000.007113773871000
-02 -04 +000.248135463468618
-02 -03 -000.078589288069103
-02 -02 +000.080882242399967
-02 -01 -000.018828391071140
-02 +00 +000.339271196733910
-02 +01 -000.476307038981375
-02 +02 +000.351324874701398
-02 +03 -000.420095101023021
-02 +04 -000.257151483798928
-02 +05 -000.176521150989625
-01 -05 +000.410930892563432
-01 -04 -000.031077896170692
-01 -03 +000.160851811526380
-01 -02 -000.023199564239928
-01 -01 +000.093266375964019
-01 +00 +000.205113991853891
-01 +01 +000.160327987677449
-01 +02 -000.262146461429287
-01 +03 +000.470826776515635
-01 +04 +000.151772075798019
-01 +05 +000.075391192168995
+00 -05 -000.326937964548126
+00 -04 -000.425865833653359
+00 -03 -000.229852178115641
+00 -02 -000.275565541932704
+00 -01 -000.054945999446733
+00 +00 +000.475576659579505
+00 +01 +000.019873555265076
+00 +02 -000.399280395822174
+00 +03 -000.252432274775235
+00 +04 +000.007047476077990
+00 +05 +000.460548015028883
+01 -05 +000.412716115428040
+01 -04 +000.302273401560943
+01 -03 +000.094190350060397
+01 -02 +000.301870020126740
+01 -01 +000.096856966894699
+01 +00 +000.084584904002283
+01 +01 +000.282885997158099
+01 +02 +000.079570272821553
+01 +03 +000.175255107079302
+01 +04 -000.267923342499300
+01 +05 +000.027872365283140
+02 -05 -000.117687229092833
+02 -04 -000.161549630768901
+02 -03 +000.160819870414898
+02 -02 +000.188434084332975
+02 -01 +000.138427431718783
+02 +00 +000.157524489890876
+02 +01 +000.441906497604755
+02 +02 +000.320240911400289
+02 +03 -000.177960214180969
+02 +04 +000.303434160482946
+02 +05 -000.310272027859420
+03 -05 +000.339138056087147
+03 -04 +000.141593239695685
+03 -03 +000.365508210547999
+03 -02 -000.292024174512526
+03 -01 +000.103197194303493
+03 +00 +000.239503341146688
+03 +01 +000.498510137999041
+03 +02 +000.055726204487837
+03 +03 +000.485331235665326
+03 +04 -000.137819074254418
+03 +05 -000.026608989257097

-02 -03 +000.318223776618126
-02 -02 +000.341250738648292
-02 -01 +000.081645714173136
-02 +00 -000.032699085315045
-02 +01 +000.427424508582102
-02 +02 -000.229937648539912
-02 +03 -000.323867824831219
-01 -03 -000.226188810734655
-01 -02 -000.302512241067869
-01 -01 +000.074505467419749
-01 +00 -000.092285113647256
-01 +01 +000.476896819652293
-01 +02 +000.412451223429293
-01 +03 +000.384308538489261
+00 -03 +000.439981179656452
+00 -02 -000.072356481026078
+00 -01 -000.360963500043646
+00 +00 +000.017311262849320
+00 +01 +000.164836114812150
+00 +02 +000.317686795607038
+00 +03 -000.178954212519560
+01 -03 +000.020202773480341
+01 -02 +000.173799039309095
+01 -01 +000.462527188319816
+01 +00 +000.192147442545770
+01 +01 +000.240379854661615
+01 +02 -000.344860075089217
+01 +03 +000.134567870813510
+02 -03 -000.327695220654467
+02 -02 -000.311909371742468
+02 -01 +000.113435797534007
+02 +00 -000.148473899418215
+02 +01 -000.470687876532994
+02 +02 -000.157008549393062
+02 +03 -000.258685685230136

-02 -03 +000.317085134346568
-02 -02 -000.156264027285733
-02 -01 -000.267078189498320
-02 +00 +000.402059420300919
-02 +01 +000.214785235535120
-02 +02 +000.358087093454994
-02 +03 -000.425769247002973
-01 -03 -000.370316803344357
-01 -02 +000.312981483861340
-01 -01 +000.119117323731305
-01 +00 -000.041578430211211
-01 +01 -000.280944767925088
-01 +02 +000.417035097051661
-01 +03 -000.161133998720454
+00 -03 +000.467922062518557
+00 -02 -000.137190872989946
+00 -01 -000.467058464767596
+00 +00 -000.252007280338428
+00 +01 +000.371462797611656
+00 +02 -000.385366731318853
+00 +03 -000.245037848967356
+01 -03 -000.374206586761281
+01 -02 +000.231561600620527
+01 -01 +000.245369498229245
+01 +00 -000.357592866297273
+01 +01 +000.315856674379770
+01 +02 -000.057460416977601
+01 +03 +000.423782789157740
+02 -03 -000.107187209556073
+02 -02 -000.212070987503244
+02 -01 -000.021683197558562
+02 +00 -000.127254888143441
+02 +01 -000.450262345942484
+02 +02 -000.095936250905687
+02 +03 -000.160625621672073

-05 -01 -000.360584627254314
-05 +00 -000.031104080879391
-05 +01 +000.206104076033736
-04 -01 -000.254435304157718
-04 +00 -000.390357332112038
-04 +01 -000.151047006898737
-03 -01 -000.208754353647180
-03 +00 -000.293345700623196
-03 +01 -000.345356113313322
-02 -01 -000.289305972981872
-02 +00 -000.369254407036703
-02 +01 +000.136032878945977
-01 -01 -000.231590742140166
-01 +00 -000.351246084037664
-01 +01 -000.162376030763850
+00 -01 -000.030972698381398
+00 +00 +000.043475898530203
+00 +01 -000.195200276949637
+01 -01 +000.273078463580155
+01 +00 +000.452533298294916
+01 +01 -000.398357759618999
+02 -01 +000.399673961145881
+02 +00 -000.156313155029126
+02 +01 -000.085135030798854
+03 -01 +000.463407430279907
+03 +00 -000.445950331863964
+03 +01 +000.197900196794472
+04 -01 -000.195795540474829
+04 +00 +000.290964013461646
+04 +01 -000.051377938481333
+05 -01 -000.127061144036222
+05 +00 -000.466206953881901
+05 +01 +000.251838600022131

-05 -03 +000.261743586600253
-05 -02 +000.405322902643013
-05 -01 -000.439192883208839
-05 +00 -000.084804148740884
-05 +01 +000.236655597208367
-05 +02 +000.367253315517694
-05 +03 -000.171480419154981
-04 -03 -000.333580190970162
-04 -02 -000.259848659006508
-04 -01 -000.354841188153348
-04 +00 -000.221654608382544
-04 +01 -000.393535967844505
-04 +02 +000.009943805722732
-04 +03 -000.491978646679875
-03 -03 -000.341797457723331
-03 -02 +000.410410000275772
-03 -01 -000.436578440439877
-03 +00 -000.283582511764746
-03 +01 -000.410491537919264
-03 +02 -000.018271230475798
-03 +03 -000.454027576472543
-02 -03 +000.331656650031200
-02 -02 -000.273861184434347
-02 -01 -000.350150839929817
-02 +00 -000.089461458081474
-02 +01 -000.394402055969411
-02 +02 +000.137592364944041
-02 +03 +000.014103140876840
-01 -03 -000.019190621319109
-01 -02 -000.130633882612315
-01 -01 -000.404292391742442
-01 +00 -000.271664481409103
-01 +01 -000.182246002678532
-01 +02 -000.396550331081608
-01 +03 -000.136237489001895
+00 -03 -000.100994338856868
+00 -02 +000.074722710511047
+00 -01 -000.392209068713570
+00 +00 -000.492232854676431
+00 +01 -000.078225684209271
+00 +02 +000.031835581510556
+00 +03 -000.035589189885442
+01 -03 +000.141555498866464
+01 -02 -000.268579476074283
+01 -01 -000.148340670035290
+01 +00 -000.073208763148597
+01 +01 +000.439607386057973
+01 +02 -000.343375110584124
+01 +03 -000.018429673563318
+02 -03 -000.004444635985843
+02 -02 -000.099321385121865
+02 -01 +000.083962382961574
+02 +00 +000.319155238033092
+02 +01 +000.246749697858066
+02 +02 +000.055788697335940
+02 +03 +000.339912853985699
+03 -03 -000.099258902094527
+03 -02 -000.440517279179375
+03 -01 -000.071906765772580
+03 +00 +000.155677082836431
+03 +01 +000.417464446527619
+03 +02 +000.439540957733424
+03 +03 -000.343922248300847
+04 -03 +000.465795606585021
+04 -02 -000.497682078812491
+04 -01 -000.389225835350760
+04 +00 +000.369541263210147
+04 +01 +000.221576549353703
+04 +02 +000.248244483054605
+04 +03 -000.006557420492796
+05 -03 +000.352175430995071
+05 -02 -000.447844861797291
+05 -01 -000.106009192956836
+05 +00 -000.101112764028841
+05 +01 +000.161732542528084
+05 +02 -000.186055922196806
+05 +03 +000.074098425854181

-01 -05 +000.094821283182097
-01 -04 +000.280067394469659
-01 -03 -000.030991676090516
-01 -02 -000.223380024968487
-01 -01 -000.209565992682237
-01 +00 +000.007880990261094
-01 +01 -000.040253590909042
-01 +02 +000.332881761809619
-01 +03 -000.198802610628093
-01 +04 -000.436914385372944
-01 +05 +000.163204431285637
+00 -05 +000.413554625825441
+00 -04 +000.486840147855409
+00 -03 +000.047828694590250
+00 -02 -000.040294985515996
+00 -01 -000.310628978370173
+00 +00 +000.290861073566800
+00 +01 -000.419387767117188
+00 +02 +000.037757709285975
+00 +03 -000.328165428327513
+00 +04 -000.484884624598558
+00 +05 +000.437174976408264
+01 -05 +000.303601343345129
+01 -04 +000.462857149808544
+01 -03 -000.398322231440075
+01 -02 +000.284155780239601
+01 -01 -000.300968388033497
+01 +00 +000.316871520496367
+01 +01 +000.151353540889044
+01 +02 -000.205443034742177
+01 +03 +000.205390513619995
+01 +04 -000.450325351649324
+01 +05 -000.323096802812904
