-03 -04 +006.049662327614089
-03 -03 +002.159614250180135
-03 -02 -009.992336979985803
-03 -01 -008.125058016295275
-03 +00 +000.563579665077396
-03 +01 -003.449503463101766
-03 +02 -006.188155404246920
-03 +03 +000.994446841508518
-03 +04 +002.556385566524952
-02 -04 -007.746154968485319
-02 -03 +006.621580873093144
-02 -02 +006.916027400480312
-02 -01 -007.356620212289045
-02 +00 +007.872977359233866
-02 +01 +000.651709823873907
-02 +02 -007.506816433479912
-02 +03 -004.620425553299302
-02 +04 -004.578437929348024
-01 -04 -008.984393722752261
-01 -03 -009.570549635727478
-01 -02 +005.646336276577284
-01 -01 +006.003593443778376
-01 +00 -001.440813828953310
-01 +01 -007.950986327320859
-01 +02 +007.808453885257027
-01 +03 +007.759892537125164
-01 +04 +001.643331728125039
+00 -04 -003.454385215993746
+00 -03 -004.346414946731078
+00 -02 +009.609755765156031
+00 -01 +001.120177584280182
+00 +00 -003.318983148018702
+00 +01 -009.652936090326422
+00 +02 +005.151554776861205
+00 +03 -003.685013937350772
+00 +04 +008.650904457466520
+01 -04 +002.328009560771687
+01 -03 -004.607455930482820
+01 -02 -002.093427532822099
+01 -01 +006.690624601973831
+01 +00 +002.138875801491125
+01 +01 +001.686752709498132
+01 +02 -004.404335053888397
+01 +03 -007.308736267462081
+01 +04 -009.251148977820398
+02 -04 -000.862486646747067
+02 -03 -002.345217706782614
+02 -02 +002.869643509788495
+02 -01 -000.142658216418556
+02 +00 -008.476264044234876
+02 +01 -004.968211261420010
+02 +02 +006.096747256137136
+02 +03 -003.611766878058754
+02 +04 -008.804130715144328
+03 -04 -003.799069017311838
+03 -03 +009.896204860582234
+03 -02 +006.307274257705473
+03 -01 -006.122169356708504
+03 +00 -001.486566685933602
+03 +01 -006.406655246713805
+03 +02 -006.522823406644301
+03 +03 +000.625243590971203
+03 +04 +006.401822481348518

-03 -02 -001.335686542794913
-03 -01 -004.142863480901108
-03 +00 -001.064413712073978
-03 +01 -000.456040543532962
-03 +02 -005.271515249276969
-02 -02 -004.300982766853124
-02 -01 -006.052670652644847
-02 +00 +009.493853552879514
-02 +01 -004.483119336013893
-02 +02 +004.296149395617038
-01 -02 +005.059460026010727
-01 -01 +000.437291695731583
-01 +00 -004.984110589242700
-01 +01 +001.347649932108694
-01 +02 -008.367213673879554
+00 -02 -006.739994206720255
+00 -01 +004.420765620295064
+00 +00 +001.578014936778793
+00 +01 +006.725057230935995
+00 +02 -005.387300161611067
+01 -02 -008.856309906621719
+01 -01 +000.588633836020893
+01 +00 -005.145792078480447
+01 +01 +006.990559361565236
+01 +02 +007.683069718740009
+02 -02 -000.384302798069113
+02 -01 +008.022622426468715
+02 +00 -001.579475752077335
+02 +01 -003.013024805870802
+02 +02 +007.655236266265946
+03 -02 -009.707122991340652
+03 -01 -005.494240556863195
+03 +00 -007.303144444705821
+03 +01 -000.097495374681061
+03 +02 +004.693187382574684
