-03 -04 -002.586929778047259
-03 -03 -002.632271879354563
-03 -02 -007.999861814235307
-03 -01 -004.612893538995309
-03 +00 -002.399973834671928
-03 +01 +008.301911218696125
-03 +02 -008.491777074013230
-03 +03 +000.878237482851036
-03 +04 -003.836492338422199
-02 -04 +003.497245008403180
-02 -03 -004.848499600308243
-02 -02 +000.944921434204253
-02 -01 -007.117352592701447
-02 +00 -001.837178719850728
-02 +01 -002.256013559717779
-02 +02 +006.309534005419774
-02 +03 -004.142106486717571
-02 +04 -005.049830162947805
-01 -04 -006.484507960402935
-01 -03 -003.455024810950218
-01 -02 -002.398364444313431
-01 -01 +004.519073709447985
-01 +00 +001.607828730199630
-01 +01 +000.844651902590898
-01 +02 +000.555798421905280
-01 +03 +006.286696128251892
-01 +04 +006.479294250011540
+00 -04 -003.201833641078597
+00 -03 +006.519822617791688
+00 -02 +004.482540981175065
+00 -01 -001.662560793578777
+00 +00 -002.398871989258983
+00 +01 -001.387775308648753
+00 +02 -009.234810637988431
+00 +03 +007.962463155728408
+00 +04 +007.998823785806186
+01 -04 +003.276285719696408
+01 -03 -005.149283340469775
+01 -02 +002.693224517600157
+01 -01 -004.711431199243715
+01 +00 -009.292151704335250
+01 +01 +006.528940624766166
+01 +02 +003.801915374843274
+01 +03 +005.810797345696033
+01 +04 -007.829090668935441
+02 -04 +001.063780873170688
+02 -03 +003.394944448028039
+02 -02 +005.401189184769106
+02 -01 +000.886957197304328
+02 +00 +000.599251071549465
+02 +01 +000.275453312765883
+02 +02 +000.546206420053055
+02 +03 +004.659016468641061
+02 +04 -004.240623236132620
+03 -04 -002.503815028977186
+03 -03 +002.457775327382581
+03 -02 +004.876087197233079
+03 -01 -009.953755281423597
+03 +00 +004.983657215109083
+03 +01 +002.424949402477246
+03 +02 +001.594004743721893
+03 +03 -006.624777641610610
+03 +04 +003.830858888837247

-04 -02 +005.554783488985273
-04 -01 +009.496920848447544
-04 +00 +004.266532137205838
-04 +01 +009.863030432333131
-04 +02 +003.432527550327258
-03 -02 -001.531776365284548
-03 -01 +009.345566460368550
-03 +00 +006.952154557213836
-03 +01 -004.182230969347113
-03 +02 -001.717144184728152
-02 -02 +002.036983313802623
-02 -01 +005.729574410452343
-02 +00 -002.338657545971561
-02 +01 +005.627920721582671
-02 +02 -007.624218699926409
-01 -02 +000.636578511594350
-01 -01 +009.266390062448135
-01 +00 +001.901232412851230
-01 +01 +000.104660115469983
-01 +02 +003.606857205747314
+00 -02 +007.888216729670972
+00 -01 -006.205483665624810
+00 +00 +007.615858962179242
+00 +01 -007.535920047301468
+00 +02 -008.193733490722167
+01 -02 +002.102959252509833
+01 -01 +004.951925813585789
+01 +00 -003.248967645934551
+01 +01 -007.678240804203827
+01 +02 -009.961040311275635
+02 -02 +007.061709442126491
+02 -01 -004.559905319347076
+02 +00 +004.645547048349822
+02 +01 +001.617513354058515
+02 +02 -006.888083229579057
+03 -02 +007.408690852627428
+03 -01 +001.097124312506823
+03 +00 -007.437834931296188
+03 +01 -003.348280344754759
+03 +02 +009.757604807110225
+04 -02 -006.586095351195679
+04 -01 +008.588555070344686
+04 +00 +001.659023443199261
+04 +01 -003.544550580625894
+04 +02 -002.586300025525100
