-03 -01 -000.164772021557445
-03 +00 -000.011372784920469
-03 +01 +000.175821639873660
-02 -01 -000.074054295304592
-02 +00 +000.253308842313711
-02 +01 +000.103617054771883
-01 -01 +000.036525997951342
-01 +00 +000.099369472945624
-01 +01 +000.252245449593143
+00 -01 -000.036138926323131
+00 +00 +000.293320165791319
+00 +01 +000.255536720828380
+01 -01 +000.086040252680452
+01 +00 -000.160973400381632
+01 +01 +000.041180424835382
+02 -01 +000.339276106657595
+02 +00 +000.107766690808210
+02 +01 -000.080704800157531
+03 -01 +000.312015508006509
+03 +00 -000.380550004182120
+03 +01 +000.015415403261519

-03 -02 -000.369138671546620
-03 -01 -000.345695936585782
-03 +00 -000.157961011396604
-03 +01 +000.076787291705130
-03 +02 +000.115159515388871
-02 -02 +000.456625030449783
-02 -01 +000.236884375793709
-02 +00 -000.357239931842041
-02 +01 +000.390653862079169
-02 +02 -000.253031964131559
-01 -02 +000.134722996842322
-01 -01 +000.181383733708719
-01 +00 -000.127554092177043
-01 +01 -000.084600401789123
-01 +02 -000.056725574035321
+00 -02 +000.258934578883031
+00 -01 -000.223088025506526
+00 +00 -000.300707905168961
+00 +01 +000.360408945462008
+00 +02 -000.155438431018387
+01 -02 +000.375821450907611
+01 -01 -000.188047494604846
+01 +00 +000.377355119955974
+01 +01 +000.168713127195007
+01 +02 -000.094772393864887
+02 -02 +000.385169775969212
+02 -01 +000.257452734990373
+02 +00 -000.105201272651996
+02 +01 -000.065741404244839
+02 +02 +000.302546630570784
+03 -02 +000.253447415907568
+03 -01 +000.336355536584793
+03 +00 -000.226159650988846
+03 +01 +000.013036964037870
+03 +02 +000.194323727225665

-04 -02 -000.415003701671290
-04 -01 +000.197523047587022
-04 +00 -000.358855225746648
-04 +01 -000.306565821941808
-04 +02 +000.372153259664069
-03 -02 -000.314273858787643
-03 -01 -000.248297584047976
-03 +00 +000.135375152149380
-03 +01 -000.009133989732989
-03 +02 +000.048774549240563
-02 -02 +000.143039406663015
-02 -01 +000.102373916928994
-02 +00 -000.212242361180427
-02 +01 -000.041640032259464
-02 +02 +000.102031880967595
-01 -02 +000.112342154939592
-01 -01 -000.192315596847601
-01 +00 +000.182364673569067
-01 +01 +000.154203278495118
-01 +02 +000.271037312276722
+00 -02 -000.020575105157016
+00 -01 -000.083253236612418
+00 +00 +000.130163928582467
+00 +01 -000.334232625035984
+00 +02 -000.285641125691857
+01 -02 +000.153862992420120
+01 -01 +000.085383210953288
+01 +00 +000.017447995892548
+01 +01 -000.233487747006797
+01 +02 +000.362914098971166
+02 -02 -000.213589374159332
+02 -01 -000.286548558319081
+02 +00 +000.099062068399536
+02 +01 -000.487957114261057
+02 +02 +000.359338854239920
+03 -02 +000.371954846759465
+03 -01 -000.400690803667542
+03 +00 -000.277274638608289
+03 +01 -000.222903735994718
+03 +02 +000.495967837706334
+04 -02 +000.264080338085860
+04 -01 +000.046532473794076
+04 +00 -000.207847553898713
+04 +01 -000.075942302779371
+04 +02 +000.312616900881037

-04 -01 +000.048353245811940
-04 +00 +000.183799863191700
-04 +01 -000.056305419822238
-03 -01 +000.265524566541382
-03 +00 -000.269660262297479
-03 +01 +000.211953754031825
-02 -01 -000.237131995767005
-02 +00 +000.384001919586242
-02 +01 -000.455130483254107
-01 -01 -000.250598242118420
-01 +00 +000.033649920256043
-01 +01 +000.282655188032391
+00 -01 +000.421922856779230
+00 +00 +000.093888318668517
+00 +01 +000.016864989753149
+01 -01 -000.286991065231230
+01 +00 +000.430975136299918
+01 +01 +000.474954672569743
+02 -01 +000.114839160705407
+02 +00 +000.281423962378071
+02 +01 -000.411578798001928
+03 -01 -000.030106835247262
+03 +00 +000.172287188875486
+03 +01 +000.246948635561650
+04 -01 -000.240071722703666
+04 +00 -000.437888603056674
+04 +01 +000.382429627326744

-02 -04 +000.061278966011680
-02 -03 -000.469239147899841
-02 -02 +000.343583375726618
-02 -01 +000.230494245325726
-02 +00 +000.278749366897593
-02 +01 -000.254463639261217
-02 +02 +000.421371416144419
-02 +03 -000.425916840438839
-02 +04 -000.377420818539933
-01 -04 +000.262162936857750
-01 -03 -000.025934028358704
-01 -02 +000.168906198661474
-01 -01 +000.191992097334862
-01 +00 +000.028852636972251
-01 +01 -000.361752431573903
-01 +02 -000.002771658246015
-01 +03 +000.010217449498241
-01 +04 -000.451719920632174
+00 -04 +000.147344247114466
+00 -03 -000.084252118892440
+00 -02 +000.276534855679797
+00 -01 +000.477628937060931
+00 +00 -000.409788963932075
+00 +01 -000.042565636979264
+00 +02 +000.388502230496430
+00 +03 +000.196697919766444
+00 +04 -000.174135966631855
+01 -04 +000.300085567057513
+01 -03 -000.149040608783950
+01 -02 -000.224700503501067
+01 -01 +000.295276572891465
+01 +00 +000.131597469247762
+01 +01 -000.031126429428333
+01 +02 +000.075492108054615
+01 +03 +000.494432900716109
+01 +04 +000.050389993606793
+02 -04 -000.060766943816227
+02 -03 +000.307967253823465
+02 -02 -000.150886324075850
+02 -01 -000.133036547251311
+02 +00 +000.101594044755849
+02 +01 -000.336886559422961
+02 +02 +000.104794836926522
+02 +03 -000.317823291494927
+02 +04 +000.014491802826449

-03 -05 -000.430180048558918
-03 -04 -000.340468068443483
-03 -03 -000.379066453917928
-03 -02 +000.191431785299290
-03 -01 -000.159813289366421
-03 +00 +000.199655102224678
-03 +01 -000.056788544314220
-03 +02 -000.012436008903414
-03 +03 -000.114400484454893
-03 +04 +000.261555509505206
-03 +05 +000.075747569708517
-02 -05 -000.184604138530095
-02 -04 +000.167024749140245
-02 -03 -000.300225325660010
-02 -02 -000.404383012528751
-02 -01 -000.317880380781215
-02 +00 +000.215384112125298
-02 +01 -000.310637967022396
-02 +02 +000.260381513772601
-02 +03 +000.286604790436287
-02 +04 -000.097442012032131
-02 +05 -000.286451287743850
-01 -05 +000.329873458911147
-01 -04 +000.116266068029846
-01 -03 -000.033182895750277
-01 -02 -000.147162196903813
-01 -01 -000.290249462548772
-01 +00 +000.211747901639454
-01 +01 +000.433715834790066
-01 +02 +000.302346600038904
-01 +03 +000.388206074533387
-01 +04 +000.295905841970652
-01 +05 +000.054266151277659
+00 -05 -000.001911613516760
+00 -04 +000.129870070876870
+00 -03 +000.482528967355832
+00 -02 -000.274075907372548
+00 -01 -000.422566137479548
+00 +00 +000.062182630541735
+00 +01 +000.088166631235584
+00 +02 +000.370861968362686
+00 +03 +000.147383125720236
+00 +04 -000.350236518091946
+00 +05 -000.453514119861524
+01 -05 -000.336759682584772
+01 -04 -000.414761530031397
+01 -03 -000.487593160110426
+01 -02 +000.177297428146130
+01 -01 +000.378534380450830
+01 +00 +000.378485337015492
+01 +01 -000.437370972419233
+01 +02 +000.414785244339372
+01 +03 -000.317624930942172
+01 +04 -000.334892513004324
+01 +05 +000.448375283687466
+02 -05 +000.266351021913213
+02 -04 -000.391160734851976
+02 -03 +000.237691693101881
+02 -02 -000.031667779135334
+02 -01 +000.001331155171781
+02 +00 -000.347973576549417
+02 +01 +000.492387574612280
+02 +02 -000.291903719579614
+02 +03 +000.162431860413182
+02 +04 +000.018429850405827
+02 +05 +000.001539047461571
+03 -05 -000.475860849593805
+03 -04 +000.402198456784159
+03 -03 -000.112981808339652
+03 -02 -000.117887174853259
+03 -01 -000.042248494795581
+03 +00 -000.188165675269243
+03 +01 +000.252377595638111
+03 +02 -000.109662577813297
+03 +03 +000.438757444245443
+03 +04 -000.007825809455046
+03 +05 -000.024491113738195

-05 -05 +000.249392604809337
-05 -04 +000.188651390486448
-05 -03 +000.200899956049457
-05 -02 +000.131889366928585
-05 -01 +000.284246540746125
-05 +00 -000.017607223802783
-05 +01 -000.210027770355881
-05 +02 -000.461609508362208
-05 +03 +000.310455543418144
-05 +04 -000.471591626533225
-05 +05 -000.144537077834336
-04 -05 +000.173286866162911
-04 -04 +000.329080017621140
-04 -03 +000.337835264475335
-04 -02 +000.130173981105394
-04 -01 -000.322065725561968
-04 +00 -000.482162235984209
-04 +01 +000.465433407555449
-04 +02 -000.193781276465608
-04 +03 -000.408420792477155
-04 +04 -000.162806416841618
-04 +05 -000.468187981768614
-03 -05 -000.134598470471424
-03 -04 -000.106705327283848
-03 -03 +000.264569291534745
-03 -02 +000.078875826114770
-03 -01 +000.457108813545069
-03 +00 -000.471465025944660
-03 +01 +000.421882132606633
-03 +02 -000.147190337081175
-03 +03 -000.297877406678380
-03 +04 -000.102097429069611
-03 +05 -000.083710740688749
-02 -05 +000.261349781719482
-02 -04 -000.014676660771904
-02 -03 +000.309103675841010
-02 -02 -000.249031789926814
-02 -01 +000.028027126766632
-02 +00 -000.226944567175855
-02 +01 +000.275657958719534
-02 +02 -000.036483622984784
-02 +03 +000.265992438107818
-02 +04 +000.064438636923229
-02 +05 +000.146025888402177
-01 -05 -000.251455189831718
-01 -04 -000.237865692181066
-01 -03 +000.406680325295682
-01 -02 +000.073276515161407
-01 -01 +000.010728246023642
-01 +00 +000.453678761203433
-01 +01 +000.130869220254126
-01 +02 +000.378974463534988
-01 +03 -000.499120947192914
-01 +04 +000.345221039921667
-01 +05 +000.348186681196865
+00 -05 -000.469571303667328
+00 -04 +000.410601584057808
+00 -03 +000.465259586781549
+00 -02 -000.214335121262698
+00 -01 +000.264970181435943
+00 +00 -000.440364210186200
+00 +01 +000.137238168773656
+00 +02 +000.387905365717304
+00 +03 -000.113464359483243
+00 +04 -000.064819992954097
+00 +05 +000.265629613199631
+01 -05 +000.164148508112340
+01 -04 -000.077010632002323
+01 -03 +000.468755282821397
+01 -02 -000.132109057415077
+01 -01 -000.350796422704403
+01 +00 -000.166814054134939
+01 +01 +000.499613622958802
+01 +02 -000.349162387788192
+01 +03 -000.414156364404904
+01 +04 -000.474206829000748
+01 +05 -000.222953426990956
+02 -05 -000.305091264682971
+02 -04 +000.003301209089129
+02 -03 -000.302995257291803
+02 -02 +000.298326713849545
+02 -01 +000.453225090550546
+02 +00 +000.008048879378926
+02 +01 +000.121478063591237
+02 +02 +000.052047482857502
+02 +03 -000.286862458947324
+02 +04 -000.434372571840197
+02 +05 +000.082081880948558
+03 -05 -000.128603567576483
+03 -04 -000.035969453239045
+03 -03 -000.387337022440002
+03 -02 +000.076574240512553
+03 -01 -000.208598661620510
+03 +00 -000.190704844356774
+03 +01 +000.173778112582674
+03 +02 -000.174652118190183
+03 +03 -000.309401946436704
+03 +04 +000.184146357426401
+03 +05 -000.036929523242610
+04 -05 -000.269104353209777
+04 -04 -000.111588299073927
+04 -03 -000.441954784905301
+04 -02 +000.362644952413122
+04 -01 -000.024199364377479
+04 +00 +000.367355536623959
+04 +01 +000.176993150326579
+04 +02 +000.493170492610072
+04 +03 +000.020823200178868
+04 +04 -000.352675022138407
+04 +05 +000.303805068294734
+05 -05 -000.139634959717479
+05 -04 -000.384527583269447
+05 -03 -000.401579837121724
+05 -02 +000.299345367429077
+05 -01 -000.267829703992264
+05 +00 -000.298362641963000
+05 +01 -000.257073882721357
+05 +02 +000.058097830694803
+05 +03 -000.183226900521135
+05 +04 +000.281924659704788
+05 +05 +000.285872328162104

-02 -05 +000.425914578428776
-02 -04 -000.098542840274810
-02 -03 +000.152960104295139
-02 -02 +000.270947617827595
-02 -01 -000.057188538529139
-02 +00 -000.055901531628558
-02 +01 -000.122950551480233
-02 +02 -000.421980944288786
-02 +03 -000.460103586308338
-02 +04 +000.282678818687832
-02 +05 +000.174092964851293
-01 -05 -000.383419734477722
-01 -04 -000.141019726141046
-01 -03 +000.477018586645521
-01 -02 +000.150027365200536
-01 -01 +000.232543860659895
-01 +00 +000.326393792018297
-01 +01 -000.004865752181028
-01 +02 -000.334989990495331
-01 +03 -000.020510639728036
-01 +04 -000.191814998115924
-01 +05 +000.466650281453067
+00 -05 +000.228114820822740
+00 -04 +000.212688403028549
+00 -03 -000.288545804859663
+00 -02 +000.485260655516413
+00 -01 -000.178721714706699
+00 +00 -000.344016856598010
+00 +01 -000.436736124650932
+00 +02 +000.423047702109648
+00 +03 -000.304996152974171
+00 +04 -000.110350364974542
+00 +05 -000.149523085469262
+01 -05 +000.217582377743916
+01 -04 +000.212639987099625
+01 -03 +000.436786077548607
+01 -02 +000.420633026606821
+01 -01 -000.449685750369200
+01 +00 +000.144036334972992
+01 +01 +000.299173232190187
+01 +02 +000.229380420786555
+01 +03 -000.127958212803221
+01 +04 +000.436084785777385
+01 +05 +000.225138751001162
+02 -05 -000.440793037288673
+02 -04 -000.142522232684414
+02 -03 +000.455321477018747
+02 -02 -000.308304138722008
+02 -01 -000.301316810078219
+02 +00 +000.408015385792725
+02 +01 +000.343718023821676
+02 +02 -000.064647153122409
+02 +03 +000.412460723767446
+02 +04 -000.211674752846889
+02 +05 +000.126995348279383

-05 -02 +000.011453432861902
-05 -01 +000.361798429719593
-05 +00 -000.275169568142906
-05 +01 -000.118502486018528
-05 +02 -000.253611964692547
-04 -02 +000.031181295809816
-04 -01 -000.146251953914570
-04 +00 +000.331514008541364
-04 +01 -000.270569123092819
-04 +02 -000.173144555810416
-03 -02 -000.421146257243047
-03 -01 -000.295247642795731
-03 +00 +000.457299556423661
-03 +01 +000.063970049134585
-03 +02 -000.125177168211378
-02 -02 -000.289170099106340
-02 -01 -000.359628930935764
-02 +00 +000.475903353801427
-02 +01 +000.047696394014363
-02 +02 +000.140868690628899
-01 -02 -000.008914856242826
-01 -01 +000.305813617346668
-01 +00 -000.281950539401409
-01 +01 -000.468842956680260
-01 +02 +000.266149194458991
+00 -02 -000.289219476236760
+00 -01 -000.028800994241962
+00 +00 +000.233609581961632
+00 +01 -000.227250554572821
+00 +02 +000.202302733269014
+01 -02 -000.484469789279277
+01 -01 +000.199902339954155
+01 +00 -000.169032968335031
+01 +01 -000.192044080476592
+01 +02 -000.431898077633180
+02 -02 +000.242879757402412
+02 -01 +000.173744247943610
+02 +00 +000.367496100799567
+02 +01 -000.140599136453605
+02 +02 -000.102756035613734
+03 -02 +000.230531212797040
+03 -01 +000.282993646278324
+03 +00 -000.151281683902110
+03 +01 -000.022641326158203
+03 +02 -000.457073681592777
+04 -02 -000.314522402015214
+04 -01 -000.266058475361856
+04 +00 +000.203439447800547
+04 +01 -000.399034922325536
+04 +02 +000.498201065562945
+05 -02 +000.167324815292250
+05 -01 -000.409433648000676
+05 +00 +000.374868874088775
+05 +01 -000.058246645770370
+05 +02 -000.063949822086768

-01 -04 -000.394920787593784
-01 -03 +000.064795251112285
-01 -02 +000.039906698915334
-01 -01 +000.062924852745514
-01 +00 -000.337394983276378
-01 +01 -000.440318546681092
-01 +02 -000.387946219239418
-01 +03 -000.146020377864273
-01 +04 +000.435029388522723
+00 -04 -000.388768604267549
+00 -03 -000.335685835911603
+00 -02 +000.160968286034903
+00 -01 +000.161556528351018
+00 +00 -000.102155287608408
+00 +01 +000.400993443549429
+00 +02 -000.437652138412443
+00 +03 -000.284714819593965
+00 +04 -000.493214075600801
+01 -04 -000.002800187805638
+01 -03 -000.434240265128934
+01 -02 -000.200822146774953
+01 -01 +000.473824062604050
+01 +00 -000.302285874729616
+01 +01 -000.450983820111532
+01 +02 +000.000019108805720
+01 +03 +000.112087131078659
+01 +04 +000.443776416789526
