-03 -04 -002.586929778047259
-03 -03 -002.632271879354563
-03 -02 -007.999861814235307
-03 -01 -004.612893538995309
-03 +00 -002.399973834671928
-03 +01 +008.301911218696125
-03 +02 -008.491777074013230
-03 +03 +000.878237482851036
-03 +04 -003.836492338422199
-02 -04 +003.497245008403180
-02 -03 -004.848499600308243
-02 -02 +000.944921434204253
-02 -01 -007.117352592701447
-02 +00 -001.837178719850728
-02 +01 -002.256013559717779
-02 +02 +006.309534005419774
-02 +03 -004.142106486717571
-02 +04 -005.049830162947805
-01 -04 -006.484507960402935
-01 -03 -003.455024810950218
-01 -02 -002.398364444313431
-01 -01 +004.519073709447985
-01 +00 +001.607828730199630
-01 +01 +000.844651902590898
-01 +02 +000.555798421905280
-01 +03 +006.286696128251892
-01 +04 +006.479294250011540
+00 -04 -003.201833641078597
+00 -03 +006.519822617791688
+00 -02 +004.482540981175065
+00 -01 -001.662560793578777
+00 +00 -002.398871989258983
+00 +01 -001.387775308648753
+00 +02 -009.234810637988431
+00 +03 +007.962463155728408
+00 +04 +007.998823785806186
+01 -04 +003.276285719696408
+01 -03 -005.149283340469775
+01 -02 +002.693224517600157
+01 -01 -004.711431199243715
+01 +00 -009.292151704335250
+01 +01 +006.528940624766166
+01 +02 +003.801915374843274
+01 +03 +005.810797345696033
+01 +04 -007.829090668935441
+02 -04 +001.063780873170688
+02 -03 +003.394944448028039
+02 -02 +005.401189184769106
+02 -01 +000.886957197304328
+02 +00 +000.599251071549465
+02 +01 +000.275453312765883
+02 +02 +000.546206420053055
+02 +03 +004.659016468641061
+02 +04 -004.240623236132620
+03 -04 -002.503815028977186
+03 -03 +002.457775327382581
+03 -02 +004.876087197233079
+03 -01 -009.953755281423597
+03 +00 +004.983657215109083
+03 +01 +002.424949402477246
+03 +02 +001.594004743721893
+03 +03 -006.624777641610610
+03 +04 +003.830858888837247

-01 -02 -006.695015754710301
-01 -01 -008.910616501713898
-01 +00 -003.836535064819471
-01 +01 -005.729312469062902
-01 +02 +005.861106403075595
+00 -02 +001.841973926866318
+00 -01 -005.215480772477097
+00 +00 +005.274796119475407
+00 +01 -001.445114969071369
+00 +02 +004.576214131895233
+01 -02 +004.772096313208928
+01 -01 -006.973616394432806
+01 +00 -008.205932412335113
+01 +01 +005.024961639660375
+01 +02 +004.367705309226682
