-05 -02 +000.337500143963724
-05 -01 -000.350553315803947
-05 +00 +000.340874764209754
-05 +01 -000.278082305459304
-05 +02 +000.120188052891764
-04 -02 +000.186737655317134
-04 -01 +000.351138847184778
-04 +00 +000.025662176972998
-04 +01 +000.358771466633634
-04 +02 -000.186667288215821
-03 -02 -000.186568380303606
-03 -01 +000.095749028933862
-03 +00 +000.361667362977023
-03 +01 -000.187745300437906
-03 +02 -000.392941867761351
-02 -02 -000.477268935323211
-02 -01 +000.350035640776527
-02 +00 +000.289592528695412
-02 +01 -000.423015386430864
-02 +02 +000.165463922078580
-01 -02 +000.061881484313459
-01 -01 -000.421781583406257
-01 +00 -000.251237034723254
-01 +01 +000.379927795459235
-01 +02 +000.202491602306759
+00 -02 -000.267415458211580
+00 -01 +000.198961407832258
+00 +00 +000.113029918199528
+00 +01 -000.298515252394337
+00 +02 +000.035237980808200
+01 -02 -000.269684370634668
+01 -01 -000.194134315981545
+01 +00 -000.120888362730984
+01 +01 +000.206653568136744
+01 +02 -000.336944977184062
+02 -02 -000.453930195331461
+02 -01 -000.497801763710933
+02 +00 +000.116500539904537
+02 +01 -000.260374657308374
+02 +02 +000.039754667032340
+03 -02 +000.074676012260668
+03 -01 -000.201478326432561
+03 +00 +000.220697288488231
+03 +01 +000.283675308591541
+03 +02 +000.108752818997499
+04 -02 -000.132000654290264
+04 -01 +000.460689466773703
+04 +00 -000.374861116876248
+04 +01 +000.242070060211485
+04 +02 +000.422537260946602
+05 -02 -000.493222595912569
+05 -01 -000.042710085122780
+05 +00 +000.216404456018634
+05 +01 -000.250910879137928
+05 +02 -000.078330087911650

-02 -05 +000.286242971371383
-02 -04 -000.275609892748328
-02 -03 +000.269661225048993
-02 -02 +000.491630363811696
-02 -01 +000.254917390199950
-02 +00 +000.363237891860651
-02 +01 -000.183983280448522
-02 +02 -000.017096071832003
-02 +03 +000.412791257009198
-02 +04 -000.222905795594134
-02 +05 -000.464275044630056
-01 -05 +000.245454853563977
-01 -04 +000.140727192200331
-01 -03 -000.470653573688039
-01 -02 -000.055117213742229
-01 -01 -000.399412970733138
-01 +00 +000.455508988818164
-01 +01 -000.308928537797091
-01 +02 -000.410685201471404
-01 +03 +000.413335756883809
-01 +04 +000.466987141450414
-01 +05 -000.226545351539473
+00 -05 -000.411619853505488
+00 -04 -000.232613977221374
+00 -03 -000.233084551984774
+00 -02 -000.458350790814864
+00 -01 +000.480010049346890
+00 +00 +000.026786393620302
+00 +01 -000.258038591750949
+00 +02 -000.484934647342672
+00 +03 -000.494519956309859
+00 +04 +000.193942962062384
+00 +05 +000.480754220087799
+01 -05 -000.163692777517550
+01 -04 +000.389348250700347
+01 -03 +000.016562987110537
+01 -02 +000.445729041410118
+01 -01 +000.102728185111232
+01 +00 +000.333034558649330
+01 +01 -000.028282717031124
+01 +02 +000.467129701058928
+01 +03 -000.088557890030863
+01 +04 -000.169727322408934
+01 +05 -000.316456579645635
+02 -05 -000.438791379347933
+02 -04 +000.387416168183548
+02 -03 -000.020713475537662
+02 -02 -000.006529031893820
+02 -01 +000.133275762377926
+02 +00 +000.345972472702220
+02 +01 -000.332317654627190
+02 +02 +000.019962672377660
+02 +03 +000.306579277465796
+02 +04 +000.069212584345836
+02 +05 +000.436684592046816

-01 -05 +000.026509230997414
-01 -04 -000.043274126808508
-01 -03 +000.452985445005529
-01 -02 +000.211253388125495
-01 -01 -000.346831354846137
-01 +00 +000.015278242487465
-01 +01 -000.251601399735143
-01 +02 +000.228685808859548
-01 +03 +000.187700943312714
-01 +04 +000.242107763812320
-01 +05 +000.279879938347873
+00 -05 -000.418060809891090
+00 -04 +000.363237802231851
+00 -03 -000.329643465902004
+00 -02 +000.140048105633624
+00 -01 +000.443079522129877
+00 +00 -000.335633717059463
+00 +01 +000.300357000778455
+00 +02 -000.242622777493077
+00 +03 -000.429369565081288
+00 +04 -000.355734998131538
+00 +05 -000.413506382298323
+01 -05 +000.207850129539639
+01 -04 +000.193022412177131
+01 -03 -000.429853637988939
+01 -02 +000.367209601484325
+01 -01 +000.034459592206417
+01 +00 -000.075386398633689
+01 +01 +000.272865067741619
+01 +02 +000.070658349279436
+01 +03 +000.043821842279109
+01 +04 -000.476574681061099
+01 +05 +000.312077439325524

-05 -03 +000.288047426183405
-05 -02 +000.316846717253799
-05 -01 +000.168185127258833
-05 +00 +000.146031774361659
-05 +01 +000.401726968730144
-05 +02 -000.206546596214231
-05 +03 -000.385201767691875
-04 -03 -000.432002954813751
-04 -02 -000.191573232979335
-04 -01 +000.300145760318399
-04 +00 -000.184514017472219
-04 +01 -000.375887824616031
-04 +02 +000.466194491904571
-04 +03 -000.288103923307032
-03 -03 -000.097052352577769
-03 -02 +000.349672154954267
-03 -01 +000.190507514619037
-03 +00 +000.087111902220021
-03 +01 +000.424682798671463
-03 +02 +000.404248917862064
-03 +03 -000.430860257148777
-02 -03 -000.457693518324312
-02 -02 +000.444110724011354
-02 -01 +000.193045131803741
-02 +00 -000.095724221094537
-02 +01 +000.125940448950127
-02 +02 +000.125797853080114
-02 +03 +000.282529919446602
-01 -03 +000.410279554618671
-01 -02 -000.290557353389659
-01 -01 -000.493978310058096
-01 +00 +000.042313650910197
-01 +01 -000.252895838829024
-01 +02 -000.191670803099343
-01 +03 -000.265990668939380
+00 -03 +000.122055745395548
+00 -02 +000.414123000240766
+00 -01 +000.365367611704909
+00 +00 -000.200724366834859
+00 +01 -000.165542344441079
+00 +02 -000.249698190896803
+00 +03 -000.412480976775232
+01 -03 -000.196537361787822
+01 -02 -000.379953295734251
+01 -01 -000.405984967438639
+01 +00 -000.418119528231925
+01 +01 -000.163135154754947
+01 +02 -000.044725965949856
+01 +03 -000.224872242435839
+02 -03 +000.304102377137802
+02 -02 -000.373904687994638
+02 -01 +000.279583127074098
+02 +00 -000.117120521636510
+02 +01 +000.220927149404231
+02 +02 +000.107069556723258
+02 +03 -000.081745021403760
+03 -03 -000.441350600592241
+03 -02 +000.315977448573462
+03 -01 +000.485794393261042
+03 +00 -000.342982524626303
+03 +01 +000.248564904743997
+03 +02 +000.022466721984163
+03 +03 -000.232087420075350
+04 -03 +000.423122501937287
+04 -02 +000.129975795110457
+04 -01 +000.139560241923111
+04 +00 -000.170866526094605
+04 +01 +000.426751817409695
+04 +02 +000.167485194236483
+04 +03 +000.055820824551549
+05 -03 -000.189389273705963
+05 -02 -000.038510853486896
+05 -01 +000.233704436049484
+05 +00 -000.161750345133937
+05 +01 +000.088061916781967
+05 +02 -000.463880187188084
+05 +03 -000.067523660115312

-03 -02 -000.401671026786468
-03 -01 -000.284007179933333
-03 +00 +000.242063504503080
-03 +01 +000.050120595893903
-03 +02 +000.343846419478813
-02 -02 -000.413386514416387
-02 -01 -000.398731491578538
-02 +00 +000.335882396270683
-02 +01 +000.060512546642087
-02 +02 -000.341543842156494
-01 -02 -000.299861656113716
-01 -01 -000.473047037888179
-01 +00 -000.298823100453377
-01 +01 -000.037552511837496
-01 +02 +000.385079844556361
+00 -02 +000.135313667986950
+00 -01 -000.449347028051284
+00 +00 -000.185693397799318
+00 +01 -000.132211313032550
+00 +02 -000.009379647946671
+01 -02 -000.073804553743587
+01 -01 -000.239352732764825
+01 +00 +000.265653685007415
+01 +01 +000.214786409547159
+01 +02 -000.063120817829575
+02 -02 +000.017922712690609
+02 -01 +000.005742399558081
+02 +00 +000.250199658725399
+02 +01 +000.299108792024434
+02 +02 -000.479910201002733
+03 -02 -000.031956845811100
+03 -01 -000.324209018954063
+03 +00 +000.308975914341321
+03 +01 -000.316540829961772
+03 +02 -000.377849042144950

-02 -04 -000.355650728164570
-02 -03 -000.295082239368229
-02 -02 -000.426472134265264
-02 -01 -000.353181124873943
-02 +00 -000.261272169210930
-02 +01 +000.009111533003483
-02 +02 +000.146311961342822
-02 +03 -000.475667564189169
-02 +04 +000.469405648561526
-01 -04 -000.037392849656253
-01 -03 -000.371049288806598
-01 -02 +000.235317849461553
-01 -01 +000.170249309746712
-01 +00 +000.478824478126534
-01 +01 +000.477440191687253
-01 +02 +000.006530578245270
-01 +03 +000.245986157378422
-01 +04 +000.019745606970024
+00 -04 +000.296061066633317
+00 -03 +000.223979086174377
+00 -02 -000.274019123981649
+00 -01 +000.283225183628905
+00 +00 -000.123085205343502
+00 +01 +000.178375300842288
+00 +02 -000.206003876641488
+00 +03 +000.321512562837295
+00 +04 -000.398019342461016
+01 -04 -000.259091508172891
+01 -03 +000.156437968013529
+01 -02 +000.405898426895914
+01 -01 +000.376588400402753
+01 +00 -000.177520588021195
+01 +01 -000.387998959031670
+01 +02 +000.420694161308705
+01 +03 -000.352055992174771
+01 +04 -000.338094377231945
+02 -04 +000.359964455418903
+02 -03 -000.356053426716727
+02 -02 +000.119310975455584
+02 -01 -000.176109789612903
+02 +00 +000.080747902097551
+02 +01 +000.358459283524342
+02 +02 +000.267535499706594
+02 +03 -000.340139432385392
+02 +04 -000.241268371400346

-02 -04 -000.237881517142485
-02 -03 -000.177956398223896
-02 -02 -000.464690866412430
-02 -01 -000.423065073573031
-02 +00 +000.109296951153404
-02 +01 -000.275343098002672
-02 +02 +000.350060632295071
-02 +03 -000.240379257214299
-02 +04 +000.474078894030636
-01 -04 +000.225829077902062
-01 -03 -000.455632231918832
-01 -02 -000.015822410964802
-01 -01 +000.044275104561401
-01 +00 -000.462802297701315
-01 +01 -000.227989785892195
-01 +02 -000.327035052133911
-01 +03 +000.091967824409856
-01 +04 -000.402249346645602
+00 -04 -000.210046528975293
+00 -03 -000.329364479977675
+00 -02 -000.425993889606481
+00 -01 +000.237271938699679
+00 +00 -000.386658672706512
+00 +01 +000.026579837382240
+00 +02 +000.296968809658891
+00 +03 +000.246402195340798
+00 +04 +000.143087203890827
+01 -04 -000.259843117291670
+01 -03 -000.248112470006616
+01 -02 +000.465407565811566
+01 -01 -000.483472987819934
+01 +00 +000.239606840734051
+01 +01 +000.161705675154604
+01 +02 -000.296810966812937
+01 +03 +000.042980824913331
+01 +04 +000.196569641527820
+02 -04 +000.006380179475003
+02 -03 -000.144720034126761
+02 -02 -000.268074183948445
+02 -01 +000.386891747963227
+02 +00 +000.418949145257905
+02 +01 +000.087573373706966
+02 +02 +000.401381102316029
+02 +03 +000.240031825174216
+02 +04 +000.098388840771910

-05 -03 +000.226225353020385
-05 -02 -000.393363900822068
-05 -01 +000.203194300395886
-05 +00 -000.073824778962343
-05 +01 -000.434043353779258
-05 +02 -000.158478329789960
-05 +03 -000.269273874648763
-04 -03 +000.089511509289171
-04 -02 -000.016350885201786
-04 -01 +000.005244325096711
-04 +00 -000.057666712643857
-04 +01 +000.309907134394091
-04 +02 -000.246514776820675
-04 +03 -000.474308110606493
-03 -03 +000.323162685722286
-03 -02 -000.008731140102531
-03 -01 +000.218461045312675
-03 +00 +000.229736242100699
-03 +01 +000.375003115317598
-03 +02 +000.414924234000745
-03 +03 -000.091613282188731
-02 -03 -000.041765917559556
-02 -02 +000.357815124892864
-02 -01 +000.448858535430844
-02 +00 +000.394851711646009
-02 +01 -000.323147395955416
-02 +02 -000.179872794233535
-02 +03 -000.209567189667169
-01 -03 -000.148767134710820
-01 -02 -000.407311542649925
-01 -01 -000.201438678165502
-01 +00 -000.230705813359601
-01 +01 +000.331266458708050
-01 +02 -000.074032115452004
-01 +03 +000.361985397421971
+00 -03 +000.216214738301950
+00 -02 +000.357814428006724
+00 -01 +000.168071449584153
+00 +00 +000.108874880989652
+00 +01 +000.061919423364229
+00 +02 +000.369039446865486
+00 +03 -000.363872115170756
+01 -03 -000.239263071230843
+01 -02 +000.152681786629651
+01 -01 +000.229657858359770
+01 +00 +000.250007064016691
+01 +01 +000.472672069302567
+01 +02 +000.006702873316532
+01 +03 -000.308739583227791
+02 -03 +000.462073076016117
+02 -02 -000.268262008452666
+02 -01 +000.189675049509874
+02 +00 +000.238755597231679
+02 +01 +000.013770697049378
+02 +02 -000.425190034648655
+02 +03 +000.169787232234620
+03 -03 +000.474764541983342
+03 -02 +000.384607817270688
+03 -01 +000.190849183756491
+03 +00 -000.468530956096906
+03 +01 -000.331523671246758
+03 +02 -000.452691782628372
+03 +03 +000.358233322253037
+04 -03 -000.310117046456737
+04 -02 -000.078906464049944
+04 -01 +000.155412193375569
+04 +00 +000.286759835983177
+04 +01 +000.029505092090312
+04 +02 -000.264169270836863
+04 +03 -000.230377967841533
+05 -03 +000.382401747081875
+05 -02 +000.388486786598101
+05 -01 -000.332044625855911
+05 +00 -000.422702879115653
+05 +01 -000.119298568425696
+05 +02 -000.498137609465718
+05 +03 -000.030416288785998

-01 -05 -000.078116153557425
-01 -04 -000.381016222260965
-01 -03 -000.270437295170610
-01 -02 -000.487733755742190
-01 -01 +000.257466870770555
-01 +00 +000.323716757747362
-01 +01 -000.300518805179599
-01 +02 +000.016407938913572
-01 +03 +000.327753080146631
-01 +04 +000.229144065946591
-01 +05 -000.397754720959196
+00 -05 -000.112438948423058
+00 -04 -000.161228913277804
+00 -03 -000.424258862233569
+00 -02 -000.471301945842942
+00 -01 -000.206871571902678
+00 +00 +000.351310973072783
+00 +01 +000.339904030212238
+00 +02 +000.384880675518953
+00 +03 +000.153516266620679
+00 +04 -000.292402528904674
+00 +05 -000.328630145715414
+01 -05 +000.194276920408394
+01 -04 -000.432653224095498
+01 -03 +000.089807313593560
+01 -02 -000.463701589859901
+01 -01 -000.205207648408946
+01 +00 +000.222030031462362
+01 +01 -000.197833092161347
+01 +02 +000.178814160660339
+01 +03 -000.297042075496968
+01 +04 -000.205854639160702
+01 +05 -000.459922003306505

-02 -04 -000.204645379609521
-02 -03 -000.234420232306334
-02 -02 +000.464380975985983
-02 -01 +000.478705925715169
-02 +00 -000.449117207482292
-02 +01 -000.187701735805562
-02 +02 -000.169521533598178
-02 +03 -000.243059260162790
-02 +04 -000.102785277459680
-01 -04 -000.472758541870815
-01 -03 -000.384199664809863
-01 -02 +000.440525607915021
-01 -01 -000.433881503943186
-01 +00 +000.231320288111689
-01 +01 +000.048623903067520
-01 +02 -000.401790358363320
-01 +03 +000.253875587279124
-01 +04 -000.445792625681454
+00 -04 -000.382225813483071
+00 -03 +000.340381876854696
+00 -02 +000.432133417083279
+00 -01 -000.462737333893790
+00 +00 +000.155844471294727
+00 +01 -000.030220870702396
+00 +02 -000.006155396283976
+00 +03 -000.298235293762787
+00 +04 +000.133927372960912
+01 -04 -000.418650557537207
+01 -03 -000.089970691696977
+01 -02 +000.077018873431507
+01 -01 +000.339101395457686
+01 +00 +000.185494914386060
+01 +01 +000.355810992445628
+01 +02 -000.140763114453252
+01 +03 +000.460754997072838
+01 +04 +000.017423554722439
+02 -04 +000.156802356382767
+02 -03 -000.076203301661072
+02 -02 +000.129924681973195
+02 -01 +000.200195749090577
+02 +00 -000.279316632469644
+02 +01 +000.128987320175747
+02 +02 +000.228305814378964
+02 +03 +000.170511180393493
+02 +04 -000.275689429357398
