-04 -01 -001.072958591664122
-04 +00 +004.658574434101537
-04 +01 -003.606255114465696
-03 -01 +004.751930231176763
-03 +00 +002.176485941360063
-03 +01 -002.576508440933630
-02 +00 -003.159008651869763
-02 +01 -005.883467554006990
-01 +00 +007.558962878222030
-01 +01 -000.814073145740435
+00 +00 +007.168159955481183
+01 +00 +004.211018618203326
+02 +01 -000.622605675033965
+03 -01 +004.719687995476427
+04 -01 -007.385940883146083
+04 +00 -003.963586481626737
+04 +01 +007.213638447284705

-07 -04 -003.436720855397551
-07 -03 -005.415193391341736
-07 -02 +007.221538644614744
-07 -01 +003.852914988373977
-07 +01 +001.825857380106207
-07 +02 -004.714849661550724
-06 -04 +001.227960656472737
-06 -03 -001.557554886437791
-06 +00 +004.150582638121868
-06 +01 -004.955377103546744
-06 +02 +001.174952261932448
-06 +03 -003.200073054690564
-06 +04 +000.358903291717111
-05 -02 -004.249313075059546
-05 +00 -006.922801790390000
-05 +01 -007.794284641913888
-05 +02 -001.682741769630417
-05 +03 -005.469442626122452
-05 +04 +000.547255656193798
-04 -03 +000.506587127071198
-04 -02 -007.023450998701613
-04 -01 +001.753210854187463
-04 +01 +004.785749467126319
-04 +02 -007.763678341212447
-04 +03 +000.089191224599006
-04 +04 +005.117287154241728
-03 -04 -001.045541153055298
-03 -03 -003.185096903147282
-03 -02 -006.678984392106674
-03 +00 -002.223618123089367
-03 +03 -005.851955306434871
-03 +04 +003.605800455015823
-02 -04 -003.803037677859322
-02 -03 +005.056015117576640
-02 -02 +002.549441707695141
-02 -01 -000.329255771188514
-02 +01 +003.063953209361760
-02 +03 +001.003419499289668
-02 +04 +006.675935819419069
-01 -03 -003.048286269335875
-01 -02 -002.362987559842197
-01 -01 -006.453960210991434
-01 +00 -007.297876703590269
-01 +01 -004.047322862755472
-01 +02 +006.952288474059960
-01 +04 -005.774379126368649
+00 -04 +004.467534777060781
+00 -01 +003.866490356881869
+00 +01 -002.405725542766007
+00 +02 -000.617863358536202
+00 +04 -006.963452973593368
+01 -04 -004.062791851214831
+01 -02 -006.538434172362907
+01 -01 +000.459444136189338
+01 +00 -000.187231465668988
+01 +02 +006.015776800484732
+01 +03 -003.001639600700000
+01 +04 +007.032525847491689
+02 -03 -003.613491381663643
+02 -02 +006.155719436076270
+02 -01 -007.616575626246991
+02 +00 -005.904618971616567
+02 +01 +001.180379674284255
+03 -03 -000.143798031237348
+03 -02 +003.386542745138650
+03 +00 +002.204314369888147
+03 +01 +001.699311205266477
+03 +02 -003.671620582948511
+03 +03 +002.080209055192258
+03 +04 +002.500649339593046
+04 -04 -007.824222463284818
+04 -01 -004.235222350157203
+04 +01 -006.567047512716552
+04 +02 -001.185593234302081
+04 +03 +003.952497308413095
+04 +04 -001.245348874546529
+05 -02 -007.308359246642200
+05 -01 +007.277579809335840
+05 +03 +000.333460228889269
+06 -04 +001.581722080224836
+06 -03 +005.559281911650157
+06 -01 -007.069668928647719
+06 +01 +001.524150841228987
+06 +02 +004.629620916463383
+06 +03 -002.355655271345940
+07 -02 -000.482199023197567
+07 -01 +002.616005753513337
+07 +00 -003.275345482638402
+07 +02 +006.370351350950592
+07 +04 +003.916639298125622

-01 -03 -006.120871554218703
-01 -02 +003.988832627924324
-01 +00 +001.906219288906502
-01 +01 +002.312221790254176
-01 +02 +005.227284594231669
+00 -01 -002.923425842628545
+00 +00 +007.434407139687332
+00 +01 +004.982349619677395
+00 +02 -004.787455521872803
+01 -01 +007.711806230800178
+01 +00 +000.376258147796671
+01 +03 -006.934314737221855
