-02 -03 -006.957465118852052
-02 -02 -004.261788005624312
-02 -01 +008.990596959343886
-02 +00 +005.314106165669661
-02 +01 -009.139491444136572
-02 +02 +006.780024354702974
-02 +03 +003.177982932304166
-01 -03 +007.150875972077446
-01 -02 +008.389061739086950
-01 -01 -001.986912636543759
-01 +00 +000.939955725031782
-01 +01 -004.393500804382801
-01 +02 -004.124554573747911
-01 +03 +003.585231013182149
+00 -03 +007.576795464213117
+00 -02 +005.821067727195601
+00 -01 -003.048685248243409
+00 +00 -007.189196386371330
+00 +01 +006.706767765498496
+00 +02 +004.333315741576433
+00 +03 -001.783608156125563
+01 -03 -002.757636980835190
+01 -02 +006.371780709766128
+01 -01 +000.792038170732876
+01 +00 -003.891313776327893
+01 +01 +009.915568864562278
+01 +02 +001.938742269322664
+01 +03 +005.292520951365114
+02 -03 -006.132517952707900
+02 -02 -009.056169456394333
+02 -01 -009.680659879376766
+02 +00 +006.156047167198578
+02 +01 +001.325606221521649
+02 +02 +005.341421823657207
+02 +03 +008.923106911269647

-01 -03 -005.533438149194973
-01 -02 +005.481860447305873
-01 -01 -002.129589842231958
-01 +00 +004.186355899283769
-01 +01 +001.132117900698599
-01 +02 -001.506750991822523
-01 +03 -006.078159120126056
+00 -03 -008.835776535689371
+00 -02 +008.697574891780182
+00 -01 -005.221364972540186
+00 +00 -006.350314780853593
+00 +01 -004.301203328061574
+00 +02 +007.820921570904811
+00 +03 -008.370930124461431
+01 -03 -009.244170227887372
+01 -02 -004.787100762542751
+01 -01 +006.111190388224948
+01 +00 +003.936483547823066
+01 +01 +002.453647198269442
+01 +02 +003.067112069505777
+01 +03 +000.134957700436429
