-02 +01 -000.179626674281537
-01 -01 +000.464705620407544
-01 +01 -000.041671736741103
+00 -01 -000.001452575622880
+00 +01 +000.343726348883814
+01 +00 +000.232016626464021

-03 -01 -000.428136575529686
-03 +00 -000.508921323869036
-02 -01 -000.669424302697694
-02 +00 -000.004814926892949
-01 -01 +000.408698516435271
-01 +00 -000.711506144449075
-01 +01 -000.482668041969935
+00 +00 +000.553648711075295
+00 +01 -000.198576700214594
+02 +00 +000.347656466664180
+02 +01 +000.429534479850640
+03 -01 +000.268039652339902
+03 +00 +000.398343808371229
+04 -01 +000.661294053633067
+04 +01 +000.711400244336201
+05 +00 +000.065059005317396

-03 -02 +000.158321587427159
-03 +01 +000.672976517300697
-03 +03 +000.298608829043410
-02 +03 +000.543374263205767
-01 -03 +000.387474733101875
-01 -01 +000.541332461419997
-01 +00 -000.161933744385688
-01 +01 +000.442518078958286
-01 +03 -000.455373693907115
+00 -01 +000.185431900414165
+00 +01 +000.511699723532547
+00 +03 +000.517218636518662
+01 -02 +000.173431979794179
+01 +01 -000.341604428676051
+01 +03 +000.217933629676351
+02 -03 -000.594123095484264
+02 +02 +000.047311177420178
+03 -02 +000.454108911954519
+03 -01 -000.410884987606117
+03 +01 -000.633961484161785

-05 -04 +000.504983780460998
-05 +03 +000.403143001088258
-04 -03 +000.239281744030799
-04 -02 +000.200818593827371
-04 -01 +000.015767354986732
-04 +00 -000.112589192454699
-04 +03 -000.173070885768294
-03 -02 +000.665440661484203
-03 -01 +000.279079549737303
-03 +02 -000.204403131726726
-03 +04 +000.612396999730858
-02 -04 +000.485630540206926
-02 -03 +000.152257498743075
-02 -01 -000.126477389774177
-01 -03 -000.760531625930858
-01 +00 +000.003078964713482
-01 +01 +000.325413023516900
-01 +03 +000.319684586078734
+00 -03 +000.447589825400250
+00 -01 -000.376926239762153
+00 +01 +000.020887733356688
+00 +02 -000.508860323204512
+00 +03 +000.351033885770064
+01 -04 -000.317248733593415
+01 -02 -000.704923555937982
+01 +01 -000.031096047433579
+01 +02 -000.491956843145400
+01 +03 +000.671858296626274
+02 -03 -000.512260153928073
+02 +01 +000.360317189081321
+02 +02 +000.457882193564593
+03 -03 +000.525302062743370
+03 -01 -000.001449124035491
+03 +02 +000.706921756239332
+03 +04 -000.716862729409176
+04 -02 +000.661241368114370
+04 -01 +000.008632943517166
+04 +01 +000.245242922116050
+04 +03 +000.457445341797756
+05 -04 +000.540477975348341
+05 -03 -000.103271023416161
+05 -02 -000.431132361789933
+05 +00 -000.084849770652854
+05 +01 +000.484571878673560
+05 +03 +000.506305922362715
+05 +04 -000.731344009427691

-04 -02 -000.603885021331265
-04 -01 +000.667931024755593
-04 +01 -000.070554269352376
-04 +02 -000.088338975409683
-03 +00 +000.656568682344490
-03 +01 +000.267071996324869
-01 -02 -000.387843916866991
-01 +01 +000.141136258344849
-01 +02 +000.124596582914715
+00 -02 -000.190486901292047
+00 -01 +000.678771852078346
+00 +00 +000.438837587028132
+00 +01 +000.571762586608265
+01 -02 +000.320121094408974
+02 -02 -000.497048101061565
+02 -01 +000.602229824110601
+02 +00 -000.221257477556162
+02 +01 -000.541733106323472
+02 +02 +000.794884364407946
+03 +00 +000.254142325098480
+04 -02 +000.765067148728486
+04 -01 +000.423984601518936
+04 +01 +000.621733728982069
