-02 -02 +000.136859175187622
-02 +00 +000.103936125941836
-02 +02 +001.563752169812826
-01 -03 -002.196745136285741
-01 -02 +002.747037180628184
-01 +01 -000.867022678349401
-01 +03 +002.089876308819749
+00 -03 +001.079045099956277
+00 -01 +002.346902664907345
+00 +01 -000.316970238526782
+01 +03 +002.189087478872123
+02 -01 +000.262643764151701
+02 +02 -000.529326871615352
+02 +03 +001.296697746495747

-02 -01 -002.050030333529234
-01 -01 +000.568851586098376
-01 +00 +001.152147524118672
-01 +01 -001.960402570903768
+00 +01 -000.461086790569031
+01 +00 -001.307514030210452
+02 -01 +002.283258736449702
+02 +00 +002.366170375982722
+02 +01 +002.861501211517574
+03 -01 -001.666263497959274
+03 +01 -001.130865334136851

-04 +00 -000.429857509159153
-03 +00 -000.041148013770718
-02 -02 +001.145032989034074
-01 -01 -002.216093297826167
-01 +02 +001.326886591156045
+00 -01 +001.017451786198647
+00 +01 -001.579064719167089
+01 -02 -001.566955783168088
+01 +00 -001.312018237167845
+01 +01 -000.390525156651254
+02 +02 +001.416411608972588
+03 -02 -000.012791319943788
+03 +00 -002.821972312350681
+03 +01 -002.982941752950825
+04 +02 +000.600993571939985

-03 -05 +000.850705744797498
-03 -04 -001.958064931661204
-03 +00 +000.235260635345676
-03 +03 +001.518967666420551
-03 +04 -000.865396407544580
-02 -05 +000.767007630000136
-02 -04 -002.460983464437799
-02 -03 -000.646702901075851
-02 +02 +000.315482338885463
-02 +03 +002.747723481225082
-02 +05 +001.698209840376013
-01 -05 -002.217516922957249
-01 -04 +001.438954686095002
-01 -02 +000.122281714273367
-01 -01 -002.088939587508590
-01 +00 -001.108751488079253
-01 +01 -002.173175630282843
-01 +02 +000.234447102236876
+00 +00 -002.815906825277168
+00 +01 -000.785329745013931
+00 +03 -000.934109893641836
+00 +04 -001.701173120070178
+01 -05 +000.038982382058510
+01 -04 -001.011790438158097
+01 -01 +002.994956941321999
+01 +00 -002.329952179411170
+01 +02 -002.679032253033554
+01 +04 +002.091797525418941
+02 -05 -002.870797300046370
+02 -03 +000.875000247143860
+02 -02 -000.309213816357261
+02 -01 -002.505121940931900
+02 +01 +002.401650883585869
+02 +03 -000.003687037485521
+02 +04 -002.881147978047288
+03 -05 -000.962419491676140
+03 -03 +001.590049289599679
+03 -02 +001.365463536249137
+03 +01 +001.345374350755010

-05 -04 +002.010622806926118
-05 +00 -002.911035783030741
-05 +02 +002.989642866050967
-04 -03 +000.968359083500056
-04 -01 -001.893655835987839
-04 +02 +001.835230605225867
-04 +03 +001.311182696116649
-04 +04 +002.374819606464874
-03 -03 +001.750033854492499
-03 -02 -002.908912336661559
-03 -01 +002.428657422394401
-03 +01 +000.954183198046526
-03 +02 +000.020920740292147
-03 +04 -002.253818888402750
-02 -04 +002.009685038960965
-02 -03 -002.953912761155471
-02 -01 -002.398803544383510
-02 +03 -000.918816717724470
-02 +04 +001.932557383059430
-01 -04 +000.595165515035286
-01 -02 -002.280896946582821
-01 +00 -001.626494479436408
-01 +01 -000.895409234117033
-01 +02 -001.177187220873806
+00 -04 +002.778836407214823
+00 -03 +001.847646485728848
+00 -02 +002.686561735167338
+00 +02 +002.656544229224240
+00 +04 +002.131862078861639
+01 -03 -000.554202768648110
+01 +00 -001.268170139236145
+01 +02 -002.730055807932258
+01 +03 +002.711436888722231
+02 -01 +000.471305414974922
+02 +00 +000.303694571899096
+02 +04 -002.603091510775864
+03 -04 +002.552807664467999
+03 -03 -000.543483599813562
+03 -02 -002.416430401580763
+03 +00 -001.356452739893839
+03 +01 +002.132690477357726
+03 +02 +002.934792552192133
+03 +04 -001.176677250640485
+04 -03 +001.881544648659170
+04 -01 -001.497786477210092
+04 +00 +001.507443789751563
+04 +01 +002.045959238617561
+04 +02 -002.920286713634507
+05 -03 +001.275975672988036
+05 -02 -000.554807370848536
+05 -01 -000.915189683583541
+05 +00 +000.585397230866448
+05 +01 +001.997135133464323
+05 +04 +001.321878601134898
