-05 -02 -000.724127352619975
-05 -01 +000.785892257704675
-05 +00 +000.405896790866651
-05 +02 -000.597486726933880
-04 +01 +001.068329057883469
-04 +02 +000.530083585742623
-03 -02 +000.124309222643185
-03 +00 +000.647387651067710
-03 +01 +000.954283592912607
-02 -01 -000.280861497279953
-01 -01 +001.066885429624641
-01 +01 +000.443549070558367
+00 -02 +000.222358186046593
+00 +00 +000.837246956298119
+00 +01 +000.899128240618068
+01 -01 +000.648056526629077
+01 +01 +000.436144540514688
+01 +02 -000.839169058159213
+02 -02 +000.137667466934345
+02 -01 +000.558934260283937
+03 -02 -001.099615641882850
+03 -01 +000.494177273130596
+03 +00 +000.759119723350359
+03 +01 -000.755789743582394
+03 +02 -001.096738402806195
+04 -02 +000.097029606658303
+04 -01 +000.378633954267396
+04 +01 +000.017088396952114
+05 -02 +000.776472365958243
+05 -01 -000.200216688822650
+05 +00 +000.223830829797106

-01 -05 +000.250609755161904
-01 -04 -000.151529248017549
-01 -03 -000.159478928199670
-01 -01 -000.081376518971707
-01 +00 +000.443033095353172
-01 +01 +000.719218912624522
-01 +02 -000.937607692082235
-01 +04 -000.043450876754354
+00 -05 +000.207521597297378
+00 -04 +000.638561194879702
+00 -02 -000.921126238468584
+00 -01 -000.817916376522974
+00 +04 -000.482724810019698
+01 -05 -000.487571353901339
+01 -04 -000.240281693638656
+01 -03 -000.742279764972118
+01 -02 -000.759080000205330
+01 +00 -000.738801940449327
+01 +01 +000.502825327551085
+01 +02 -000.846822614991260
+01 +03 +000.760825486958048
+01 +04 -000.925397526859060
+01 +05 +000.192315125640160

-04 -01 +000.684332592842464
-04 +01 +000.592980084407791
-04 +03 +000.962305557710369
-04 +04 -000.591816888243045
-03 +01 -000.601252038678122
-03 +02 +000.571490929236571
-03 +03 -000.130074849691359
-03 +04 -000.206432255258951
-02 -04 -000.655291801818581
-02 -02 -000.722982861338313
-02 -01 -001.051987338388681
-02 +00 -001.080599710934430
-02 +02 -000.810159122159117
-01 -04 +000.651501752556874
-01 -03 -000.802723175490961
-01 -02 -000.747793259237478
-01 -01 -000.524411199015362
-01 +02 -000.673215708418916
-01 +04 -000.918511969936008
+00 -02 -001.081019764794302
+00 -01 -000.107851458450169
+00 +00 -000.443490280151662
+00 +01 -000.374359784366417
+01 -02 +000.281964503669360
+01 +00 +000.198430878525801
+01 +02 -000.871980150500153
+01 +03 -000.336939580100050
+02 -04 +000.660674214346577
+02 -02 +000.674140243501706
+02 +00 -000.755882010625633
+02 +02 +000.982751060490868
+02 +03 -000.651462132523978
+03 -01 +000.817835615575537
+03 +00 -000.470647463667950
+03 +02 +000.111813081195255
+03 +03 -000.646493535773267
+04 -03 -000.239889412669958
+04 +00 +000.705614601965624
+04 +01 -000.054578146106648
+04 +02 +000.895447875639600
+04 +03 -000.395515645862603

-01 +00 -000.753712533601992
+00 -01 -000.625529232742779
+00 +00 +000.513934837885816
+00 +01 +001.055219520186111
+01 -01 +000.183457340825193
+01 +00 +000.784732044612310
+01 +01 +000.748896001442984

-05 -05 +000.756393905206767
-05 -04 -001.012093903170219
-05 -03 -000.633654916595684
-05 -02 -001.040459111335900
-05 -01 -000.519214927572800
-05 +01 +000.267115260860567
-05 +03 +000.467814646950488
-05 +05 +000.915069869334066
-04 -04 -000.519120602165119
-04 +00 +000.564319439067711
-04 +03 +000.146579849014184
-03 -05 -000.417200987812757
-03 -04 -000.475493771206737
-03 -03 -000.539088676317573
-03 +00 -000.182720844158954
-03 +02 +000.872071392978765
-03 +03 -000.063381098733266
-02 -04 -000.965168667132165
-02 -02 -000.481293034768060
-02 +01 -000.922142644556731
-02 +05 -000.015072411425183
-01 -04 -000.972754999315767
-01 -01 +000.245179749549573
-01 +00 +001.057407271444676
-01 +01 -000.133445448841954
-01 +04 +000.919050282675507
+00 -04 +000.131483367739247
+00 -02 +000.676793245679899
+00 +00 +000.484731018876184
+00 +01 +000.009495470234156
+00 +02 -000.578197071353330
+00 +04 -000.000148779297629
+01 -05 -000.478358939871329
+01 -02 -000.826560572900475
+01 -01 -000.676103132269456
+01 +00 +000.974012374666353
+01 +01 +000.981429211276582
+01 +05 +000.377435596012976
+02 -04 -000.777099406033213
+02 -03 +000.240450520899949
+02 -01 -000.328289509790867
+02 +04 -000.838459199149144
+03 -02 +000.192378578461925
+03 +00 +000.397547633329929
+03 +05 +000.877464140804789
+04 +05 -000.950471044349752
+05 -03 -000.478220096695049
+05 -01 +000.682211621235710
+05 +01 -000.876511263260088
+05 +02 -000.926889869024999
