-01 -02 +000.230956212698898
+00 -05 -000.305450974710297
+00 -03 -000.146877452497187
+00 -01 -000.420212003089175
+00 +01 -000.797161225651828
+00 +03 -000.787602977680993
+00 +04 +000.548683227514181
+00 +05 -000.372309778502435
+01 +03 -000.687148974322604
+01 +04 +000.791049351192887
+01 +05 +000.230968153967847

-03 -03 -000.023883374550288
-03 -01 -000.683257453086693
-03 +00 +000.189247898815396
-03 +02 +000.583411655797892
-03 +04 +000.389554006052742
-02 -04 +000.316067164962069
-02 -03 +000.703675592902385
-02 +02 +000.242739994444024
-02 +03 -000.731539832606363
-01 -05 -000.796573309749351
-01 -02 -000.197999059299097
-01 +00 +000.378497876641451
-01 +01 +000.541145606157209
-01 +02 +000.134567902074764
-01 +03 +000.290508877017109
-01 +05 -000.154639590368890
+00 -04 -000.236820732171918
+00 -02 +000.381287280541845
+00 +02 -000.504888089622648
+00 +03 +000.529432218539579
+00 +04 -000.274261134878028
+01 -04 -000.492563254995596
+01 -01 +000.782107408149269
+01 +01 +000.582662005058238
+01 +02 +000.280511963217289
+01 +04 -000.774512650576693
+02 -05 -000.341246579841507
+02 +01 +000.005235093480099
+02 +02 +000.796703427314473
+02 +03 -000.115395369384319
+02 +04 -000.684143440064416
+02 +05 +000.251935633535587
+03 -05 -000.500727575895709
+03 -03 +000.638664878898445
+03 -02 -000.490183946865312
+03 -01 +000.633680764360245
+03 +00 +000.140244762845885
+03 +01 +000.510582992521179
+03 +04 +000.132648245683795

-04 -01 +000.202902512693506
-04 +00 -000.471579327187154
-04 +01 +000.167024764345019
-04 +02 +000.768856148381422
-03 -01 -000.180318173741237
-03 +00 +000.343377193732248
-03 +01 +000.675835879668112
-02 -03 -000.336392125952261
-02 -02 -000.425275192439085
-02 -01 -000.047323745465502
-02 +03 -000.168380368336278
-01 +02 +000.148141843842878
+00 -03 +000.796261515679618
+00 -01 +000.530735087799748
+00 +00 -000.646552048248730
+00 +01 -000.231396856359776
+01 +00 +000.782248228037433
+01 +01 +000.730121136247296
+02 -03 +000.621199951111257
+02 +01 -000.150938936063109
+02 +03 +000.231036653820014
+03 -03 +000.234332391301020
+03 -02 +000.018310885520432
+03 -01 +000.613741962507521
+03 +00 -000.615309523528456
+03 +03 +000.516772350442688
+04 -03 -000.039728695442099
+04 -02 -000.250823277392178
+04 -01 +000.287269374718356
+04 +00 -000.535369735741814
+04 +02 -000.178997711390016

-01 -01 +000.325113961731210
+01 +00 +000.710362748575823

-02 -04 +000.745981021215722
-02 -01 -000.676934264847133
-02 +01 -000.246306611541963
-02 +02 -000.435814620171420
-02 +03 -000.774310868435629
-02 +05 -000.233177651488968
-01 -02 -000.520812459722517
-01 +01 -000.221235968125906
-01 +02 -000.209728027563089
-01 +03 +000.388319988424598
-01 +04 -000.658567835025031
+00 -04 +000.581043847962912
+00 -03 -000.250295231113502
+00 +00 -000.304758005196418
+00 +01 -000.003959019324341
+00 +05 -000.528866794137909
+01 -05 +000.574268150834643
+01 -03 +000.475265875649035
+01 -02 -000.297618576799667
+01 +00 -000.433302374816672
+02 -04 +000.687034072996626
+02 -01 +000.463220500121451
+02 +01 -000.400290048692249
+02 +02 -000.565512008842555
+02 +05 -000.323611413509667
