-03 -01 -000.778082706559290
-03 +01 +000.336685096252988
-02 -02 -000.660089872101421
-02 +00 +000.540277281279274
-02 +01 -000.551776807543973
-02 +02 +000.202722870263320
-02 +03 -000.149283862110879
-01 -03 +000.677856921104271
-01 -02 -000.023571251815632
-01 +01 +000.173588970203428
-01 +03 -000.209673176997485
+00 -03 +000.308358154191282
+00 +00 -000.095178594752025
+00 +02 +000.510120104011644
+00 +03 -000.616442481084111
+01 -02 +000.066979233807674
+01 -01 -000.464638753595640
+01 +00 -000.423564944727771
+01 +01 +000.522814561530643
+01 +02 -000.727819257717113
+01 +03 -000.516968753250766
+02 -02 +000.016549268027585
+03 -03 +000.131850188475714
+03 -02 -000.381809252557567
+03 -01 -000.336167373473503
+03 +00 +000.681361035614289
+03 +01 +000.532980038300172

-04 -01 +000.332337145449433
-04 +00 -000.274845552353008
-04 +03 -000.792583292958057
-03 -01 -000.472300509953738
-03 +00 -000.129574118013112
-03 +03 -000.672410387133140
-02 -03 -000.030773653227152
-02 +03 -000.544532676476023
-01 -03 -000.486448765691558
-01 -02 +000.073536396530627
-01 -01 -000.311822343562237
-01 +00 -000.300848837960564
-01 +02 +000.373704757266571
-01 +03 +000.554574248735647
+01 -03 -000.722674493131302
+01 -01 -000.366182459656111
+01 +00 +000.731347856407406
+01 +01 -000.144761856257390
+01 +02 -000.121209116726999
+02 -03 -000.470232512955490
+02 -02 -000.478922563080546
+02 +00 +000.074506256801926
+02 +01 +000.720918392444818
+02 +03 -000.139366537976723
+03 -03 -000.137385212139381
+03 -01 -000.217696979576449
+03 +00 -000.443678225943033
+03 +01 +000.559807862939618
+03 +02 +000.525651940619852
+04 -02 -000.507947946755556
+04 +01 -000.313142109036092

-03 +00 -000.666324668260260
-02 +00 -000.619532858085563
-01 +01 +000.497584977962003
+00 -01 +000.382254610111132
+01 -01 -000.697226600024868
+01 +01 +000.785922285839905
+02 -01 -000.509200638367286
+02 +00 +000.394596480583267
+02 +01 +000.137827423697354
+03 -01 -000.750670722407507
+03 +01 +000.053321729541348

-04 -05 -000.358312854602958
-04 -02 -000.775923685420496
-04 -01 +000.639637189349999
-04 +03 -000.366730372001517
-04 +04 +000.178265391866078
-03 -02 -000.748524145729149
-03 +01 -000.108967123056135
-03 +05 -000.289928704391406
-02 -02 -000.290344376135161
-02 +00 -000.272134392658307
-02 +01 +000.490625516365011
-02 +02 -000.207965043272159
-02 +03 -000.289509497895772
-02 +04 +000.075448614934580
-01 -03 -000.223972710285678
-01 -02 -000.530826022919731
-01 -01 -000.077223129999964
-01 +03 -000.225980592000388
-01 +04 -000.093800286078858
+00 -03 +000.007156194740018
+00 +02 -000.220156176356852
+00 +03 +000.442554823755201
+00 +04 +000.343985205837426
+01 -05 -000.136271629826807
+01 -04 +000.262497083774010
+01 -03 +000.467482627779995
+01 -02 +000.148765596892920
+01 +00 +000.576552447580169
+01 +03 -000.139251586418281
+01 +04 -000.271312016237168
+02 -04 +000.350807696645608
+02 +03 -000.013888591984148
+02 +05 +000.577194890112866
+03 -05 -000.207032559783538
+03 -04 +000.382474323078791
+03 -03 -000.691129873197859
+03 -02 -000.460519550536360
+03 -01 +000.526542152534776
+03 +02 -000.351274471297054
+03 +04 +000.004697834426496
+03 +05 -000.074426502445225
+04 -03 -000.194311416867473
+04 -02 +000.438069255868762
+04 +03 -000.491872881573073
+04 +04 -000.623414718973278

-05 +00 +000.308122955500988
-04 -01 -000.419586862129752
-04 +00 -000.269282727817844
-04 +01 -000.610534038807364
-03 +00 -000.111119117724706
-02 +00 +000.718398935718618
-02 +01 +000.294124516894710
-01 +01 +000.232662594571387
+00 +01 +000.565818347262295
+01 -01 +000.613597674761603
+01 +00 +000.732117485349359
+02 -01 -000.496398297611557
+02 +01 -000.389618247659802
+04 +01 +000.505337316732066
